0,4,65
1,8,68,10,84,22
2,9,88,71,89
3,10,59
4,13,40,88
5,14,82,38,26
6,15,10,21
7,16,70,80,48,65
8,20,89,50,30
9,24,15,40,33,66
10,26,33,32
11,27,24,36,76
12,31,29,35,1
13,32,54
14,35,18,80
15,37,43
16,41,2,66,42
17,45,12,47
18,49,1,15,54
19,51,43
20,55,69
21,56,48,4,77
22,57,79
23,58,59,24,80,14
24,60,49,50
25,62,36,65
26,64,95,1,51,37
27,65,94,4,99
28,67,22,74,1
29,70,44,59,24
30,73,99,63,36,95
31,77,83,47,21,82
32,81,15,42,59
33,82,11,87
34,83,12,3,52,81
35,86,1
36,90,47,43,57
37,91,78
38,92,3,4,95
39,96,14,41,73
40,100,73,27,67,53
41,101,62,15,97,5
42,103,12,87,78,76
43,104,25
44,106,26,81
45,108,62
46,110,33,71,86,32
47,114,57,25
48,116,19,41,55,80
49,119,94,2,96,45
50,121,25
51,124,4,77,36,87
52,126,70,88,44
53,130,85
54,133,38,29,3
55,137,90,24,54,52
56,138,54,30,68
57,142,10,74,42,24
58,145,91,51,4,32
59,148,28,46
60,152,62,86,98,45
61,155,89,34,6
62,159,37
63,163,35
64,166,54,81
65,167,62,2,82
66,171,92
67,172,37
68,174,68
69,175,36,31,30,34
70,177,94,85,3
71,179,13,45
72,181,67,92
73,185,40,76
74,188,18,71,72
75,189,44,84,50
76,191,47,22
77,193,97,92
78,194,82,59
79,197,64
80,200,37
81,201,64,68,52
82,202,92
83,206,88,33
84,207,72,88,14,59
85,208,56,65
86,209,37,26,33,43
87,212,29,21,83
88,215,84
89,216,62,14,6,1
90,220,80
91,224,5,40
92,226,27
93,227,50,92,52
94,229,19,35,52,31
95,232,44,56
96,233,19
97,237,66,71
98,239,49,95,60
99,242,36
100,244,74,45,14
101,247,39,40
102,249,8
103,250,23
104,254,90
105,258,7
106,262,85,90
107,263,17,57,24
108,264,50
109,267,55,26,21,98
110,269,24,28
111,271,54,52
112,274,8,10,55
113,278,37
114,279,4,43
115,280,37,69
116,281,48
117,283,95,92,44
118,287,21,71,10,61
119,291,36,84,77,19
120,294,99,98
121,298,13,59,2,1
122,299,59,37,70,7
123,302,41,61,34,29
124,305,97
125,307,52
126,309,70,34
127,311,95,73,85,8
128,313,92,68,85,72
129,317,1,6,92,31
130,321,8,22
131,322,9,44
132,323,52,39,90
133,327,99,88,97
134,330,79,33,71,98
135,334,58
136,336,5,58,94
137,338,36,67,21,46
138,342,37,63
139,344,78
140,346,88,99,36
141,349,56,27
142,352,77,80,99
143,356,47,81,62
144,360,1
145,364,14,72,95
146,366,31,16,42
147,368,44,83,8
148,370,42
149,373,93,79,92
150,374,32,94,51
151,377,94
152,379,13,97,81
153,380,11,91,28
154,381,66
155,383,89
156,387,4,61,38
157,391,89,71,21,7
158,395,7
159,396,93,70,74
160,399,78
161,403,32,82
162,405,9,26,22,46
163,408,17,26
164,412,38,2,6
165,413,91,75,55
166,416,73,72,46
167,420,60,43
168,423,58,92,90,4
169,426,83,70
170,427,18,70,64
171,428,4,70,41
172,431,50
173,432,34,19,98,79
174,436,54,47
175,437,34
176,439,13,47
177,440,35,88,26
178,443,53,65,77
179,445,19,5,8
180,446,77,38,49,83
181,448,72,91,50,30
182,451,85,66,21,81
183,454,29,27,88
184,455,67
185,457,3,90,91
186,459,11
187,460,98
188,464,33,34
189,468,90,51,89
190,469,95,29,73
191,471,25,40,29
192,474,68
193,478,46
194,479,11,68,7
195,483,58,71,20,35
196,486,21,44,1
197,488,67
198,489,16,34
199,490,6,39,2,11
200,492,7,39,76
201,494,51,52,3
202,496,10
203,497,6,54,66,44
204,500,77,48,77,22
205,503,90
206,506,93,86
207,507,49,41,27
208,509,16,64,38
209,511,96,97,81,33
210,514,13,94,65
211,517,23,20
212,518,84,6
213,519,27
214,523,13,8
215,524,30
216,528,80
217,529,4,62,68
218,530,74
219,531,57
220,532,49,18,58
221,533,63,80
222,536,34,5,17
223,540,63
224,544,8,23,99,31
225,545,28,48,12
226,548,31,91,35,55
227,552,72,60
228,554,69
229,556,20,9
230,558,70
231,559,2
232,561,6,81
233,562,41,23,31
234,566,5,21,75,68
235,567,94,42,41
236,569,52
237,573,95
238,575,95,38
239,576,17,40,30
240,578,24
241,579,88
242,583,64,27
243,585,7,89
244,589,42,18,81,44
245,591,20,23,12
246,593,8,27,49,72
247,596,97,83,88,22
248,599,9,11,6
249,602,66,60,37
250,604,39,36
251,606,80
252,609,10
253,610,50,25,95,3
254,614,78,12,14,82
255,617,48,99,22
256,620,58
257,622,90,86
258,623,69,99,12,99
259,626,20,12
260,628,98,96
261,631,90,89
262,634,52,17
263,637,4,91,47,30
264,639,72,16,79
265,640,8,52,52,30
266,642,12,68,78,56
267,646,69
268,650,87,58
269,653,12,79
270,655,4,38,8
271,658,12,74
272,659,61,64,60,2
273,661,29,65,86
274,663,9
275,667,93,52,82
276,671,4,89,86,29
277,673,79,66,77
278,675,12,91,35,2
279,676,2,17,34
280,677,41,73
281,680,84,33
282,681,32,23,65,32
283,685,16,52,13,46
284,686,81,71,22
285,690,81,65,2
286,691,83,83,58
287,695,16,29,72
288,696,58,59,89,77
289,699,79,79
290,703,56
291,707,92
292,711,88
293,713,30,96,83,5
294,715,50
295,719,58,81
296,722,67,48
297,723,39,65
298,724,23,80,75
299,725,39,22,35
300,726,43,45
301,728,28,49,11,69
302,732,95,88
303,735,31,76
304,737,61,8,52
305,739,88
306,740,18
307,744,22
308,747,16,18,11
309,751,74,30
310,755,81,99,5,62
311,756,7,33,82
312,759,38,28,52,79
313,762,96,9,57,30
314,766,35
315,770,82,93,17
316,774,8
317,775,85
318,779,94,41,1,85
319,780,78,38
320,782,51,69,77,58
321,784,5,37,81,83
322,787,36,49
323,789,58
324,792,98,49
325,793,71,37
326,796,37,31,20,39
327,800,15
328,804,61,82
329,806,28,4,34,52
330,810,57,22,40
331,813,30,30,62
332,814,17,65,99
333,816,2,3,67,20
334,819,77
335,823,86,78,50
336,827,13,65,2
337,830,33
338,831,59,67,93
339,833,84,48
340,834,72,54
341,836,16,19,30
342,837,43,83
343,839,18,36,20
344,843,13
345,845,57,67,21,4
346,846,39,43
347,848,41,28,5
348,851,38,36,31,8
349,852,16
350,856,78,57,19
351,857,25,33,40,17
352,860,81
353,861,95,85,24
354,862,84,56,99,28
355,865,82,88
356,867,49,88,95,6
357,871,98,99
358,872,66
359,874,73
360,877,34
361,881,49,90,70
362,885,72,2
363,889,26,78
364,892,28
365,896,20
366,898,81,44,68
367,902,47
368,903,21
369,906,6
370,907,3,72
371,911,29
372,915,66,81,83
373,917,70,34,3
374,918,20,16,72,30
375,920,49,50,81,57
376,921,59,6,52,62
377,925,18,46,97
378,928,98,10,6
379,930,43
380,931,60,18,69,61
381,934,62,54
382,936,71,29
383,938,85,56,51
384,940,11,44,60
385,944,15,49,57
386,945,8,70
387,949,53,33,88,79
388,951,52,90,54
389,952,27
390,954,89
391,955,57,33
392,957,73,74
393,961,95
394,962,49,33
395,964,88,33,57
396,968,98
397,971,73,38,3
398,975,68,86
399,978,94
400,979,23,83
401,983,50,27,5,90
402,984,84,79,19
403,985,92,37
404,986,4,19,78
405,988,32,98,19,13
406,992,99,72,95,46
407,994,89
408,996,92
409,999,25,49
410,1000,52
411,1001,15,11,28
412,1004,14,5,87
413,1006,79,43,26,76
414,1010,23,44,85,56
415,1013,26,1
416,1014,71,83,87,63
417,1017,90,78,13,63
418,1021,32,29
419,1022,84,41,90,30
420,1023,43
421,1024,18,1,40
422,1027,66,49,87
423,1030,50,23
424,1033,93,66,86,67
425,1036,71
426,1040,24,83,90
427,1044,28,86,2
428,1048,82,12
429,1052,68
430,1054,55,37
431,1057,20
432,1059,85,63,69,42
433,1060,58
434,1061,23,4
435,1064,93
436,1067,93,96
437,1071,35
438,1073,72,40,59,6
439,1074,13,98
440,1077,16,5,23,53
441,1081,73,6,40
442,1085,42,90,23,90
443,1089,63,30
444,1093,27,83
445,1097,2
446,1100,47,56,11,75
447,1104,96
448,1108,14,79,56,6
449,1111,50,76,57,44
450,1113,22
451,1116,64,90,30
452,1118,41,96
453,1122,57,64,15,33
454,1124,66,37
455,1126,77,73,51
456,1127,20
457,1130,8,53,93,15
458,1133,36
459,1137,62,54
460,1139,8
461,1143,40,95,20
462,1145,51,66,44
463,1148,90,57,73
464,1151,91,12,12
465,1152,50
466,1154,96
467,1155,75,12,94
468,1158,77,40,11
469,1160,76,47,52
470,1162,92
471,1163,64,65,14,39
472,1167,20
473,1168,72,25
474,1171,61,92,3,9
475,1173,39
476,1175,89
477,1177,5,32,76,38
478,1180,43,60,96,55
479,1184,52,83
480,1188,26,58,70,90
481,1192,89,52
482,1193,27,44,33,31
483,1197,97,62,2
484,1201,44,91,16
485,1204,86
486,1207,95,87,1,82
487,1208,92,44,55
488,1212,23,32
489,1215,99
490,1216,63,37,84
491,1218,71
492,1219,10,29,78
493,1221,86
494,1223,37,29,65
495,1224,14,3,38
496,1228,95,82,4,99
497,1232,83
498,1234,83,29,36
499,1237,43,47
500,1238,44,84
501,1241,75,10,92
502,1245,97,39,32,23
503,1249,58,22,98
504,1250,42,42
505,1254,53,24,73
506,1256,61,48
507,1257,66,95,43,1
508,1260,94,68,32,30
509,1264,27
510,1267,12,82
511,1269,44,68,21,92
512,1273,93,15,15,81
513,1277,44,28,88,21
514,1281,35,33,66,23
515,1283,69,46
516,1287,25
517,1289,53,91,9
518,1291,87,83
519,1294,30,12,31
520,1297,95,43,86,72
521,1298,55,84
522,1300,4,85
523,1304,38,34
524,1305,90
525,1306,38,85,99,17
526,1307,40,34
527,1309,74,88
528,1310,7
529,1313,61,89
530,1314,60,75
531,1318,29,25
532,1321,22,7,85,22
533,1325,27,90,65,4
534,1327,8,81
535,1331,3,55,6,18
536,1333,79,6,79
537,1335,31,99
538,1336,94,45,45,62
539,1337,18,30,92
540,1340,60,22,64
541,1341,18,39,80
542,1345,87,18
543,1347,23
544,1350,48,67
545,1352,41,55,52,48
546,1355,7
547,1356,73,9,73
548,1358,19
549,1360,94,30,28
550,1363,12,50
551,1364,4
552,1368,58
553,1372,58,4,61
554,1375,86,30,54,68
555,1379,80
556,1382,80,98
557,1386,6,31,59,69
558,1387,38,44,61,46
559,1390,28,28
560,1393,73,76
561,1396,39,12
562,1399,90,33,51
563,1402,31
564,1406,76,36,85
565,1410,5
566,1411,30,64
567,1415,84,91
568,1417,51,96,95
569,1421,57,36
570,1422,48,49
571,1426,68,72,63,73
572,1428,98,56
573,1431,39
574,1432,66,67
575,1433,62,67,12
576,1436,21,15,53,72
577,1438,15,80
578,1439,24,92,7,74
579,1441,76
580,1442,71,41,61,37
581,1446,63
582,1449,59,77
583,1450,2,85,78
584,1451,22,79,14
585,1455,18
586,1458,64,28
587,1460,42,14,46,49
588,1463,18
589,1467,90,93,78
590,1470,18,69,44,48
591,1472,93,73,59
592,1475,8,54,27,76
593,1477,50,21
594,1481,57,62
595,1482,24,58,10,1
596,1486,72,51,39
597,1487,31,38,57,6
598,1488,91,62,32,71
599,1492,18,32
600,1493,91,40,51,75
601,1494,40,80,14
602,1497,12,76,55,37
603,1501,52,35,59
604,1502,10
605,1503,18,93
606,1506,60,95
607,1510,59,19
608,1512,28
609,1516,62,17,28
610,1519,1
611,1521,68,60,37,45
612,1523,73,39
613,1525,37,69,92
614,1527,42,73
615,1530,13,99,4
616,1531,6
617,1535,30
618,1538,24,37
619,1542,35,71,7,89
620,1544,96
621,1546,1
622,1548,5,96,61
623,1551,30,98,14,20
624,1552,45,52
625,1553,38,15,37,5
626,1557,1,50,38
627,1561,45,70,17
628,1564,6
629,1568,68,39,19,95
630,1572,43
631,1574,98,56,75,32
632,1577,20,32,20,40
633,1579,98,45,55,95
634,1583,63,77,17
635,1586,7
636,1588,85
637,1591,77,54,34
638,1594,7,3,27
639,1596,14,64,92
640,1598,38,46,22
641,1599,70,50,26,13
642,1602,48
643,1604,11,73
644,1605,96,95,39
645,1606,7
646,1609,2
647,1613,66,22,47,1
648,1614,27,21,85
649,1617,62,31,28,74
650,1618,85
651,1621,49,60,44,43
652,1622,10,28
653,1624,35,71,42
654,1626,7,59
655,1630,76,12
656,1633,84,27
657,1637,81,36,53,18
658,1640,61
659,1644,26,27
660,1648,28,5,86,54
661,1649,23,93,44,7
662,1651,18,41
663,1654,69,19
664,1657,28
665,1661,80
666,1665,48,64,31,14
667,1668,15
668,1671,46,98,5
669,1674,64
670,1675,73,59,74
671,1677,13,30,79
672,1679,10
673,1680,77,30,76
674,1682,25
675,1683,16,55,33,81
676,1687,12,16,26
677,1690,82,93
678,1694,73,92,93
679,1698,31,42,10,53
680,1700,51,17,65,27
681,1703,83,59,76,58
682,1704,14,73,19
683,1707,45,99
684,1711,71,79,47,55
685,1715,66,79,7
686,1719,45,10
687,1721,35,95,2,39
688,1722,95,51,14
689,1725,88,38,94
690,1728,91,83
691,1731,75,44,2
692,1734,49,80
693,1738,20,66
694,1742,36,10,14,54
695,1743,11,44,6
696,1744,16
697,1746,1,36,98
698,1749,89,4,69
699,1750,96,28
700,1752,68,35,42
701,1756,18,41
702,1759,39,43
703,1763,61,16,35,51
704,1764,53
705,1768,45,82
706,1770,84,72,69,96
707,1773,92,33
708,1775,83,30,14,10
709,1776,26,34,18
710,1780,17,50
711,1784,95,81,87
712,1786,10,47,13,89
713,1788,23,57
714,1790,34,63,5
715,1792,77,42
716,1793,70
717,1795,98,50,66
718,1798,17,72,28
719,1802,85,42,83
720,1805,71,39,35,75
721,1809,41,41,28,95
722,1810,99,60,90,28
723,1814,59
724,1815,4,65,38,40
725,1816,76
726,1817,92
727,1819,22,13,18,40
728,1823,30,56,66,38
729,1827,14
730,1828,54
731,1829,14,9,7
732,1831,36,41,27,95
733,1833,46
734,1836,24
735,1839,73,81,19
736,1843,89,65,4
737,1844,48,63,98
738,1847,41
739,1848,72,93
740,1850,20,87,68,79
741,1854,67,88,25,85
742,1857,47,33,35,43
743,1859,83
744,1862,36,66,94,21
745,1866,47,99
746,1869,63,79,31,92
747,1870,69,7,42,4
748,1871,28,14,45,1
749,1873,79,1,1
750,1874,12
751,1876,70,58
752,1879,17,82,76
753,1881,91,77
754,1885,29
755,1887,88,59,49
756,1891,26,85,77,25
757,1894,77,60
758,1898,60,22,13,99
759,1899,32,99
760,1903,86,48,7,69
761,1904,48,33
762,1907,92,17,99
763,1909,29,29,79
764,1911,6,67
765,1915,52,78,57,96
766,1917,30,92,54
767,1919,27,29
768,1923,98,48,33,5
769,1924,12,52,69
770,1928,93,17,71
771,1932,3
772,1934,66
773,1936,39
774,1939,5
775,1943,22,11,17,3
776,1945,47,33,24
777,1947,37,90
778,1951,92
779,1955,27
780,1959,53,23,32
781,1961,4,4
782,1962,37,43,21
783,1964,89,84
784,1966,4,84,24
785,1969,31
786,1973,43,13
787,1974,28
788,1978,75
789,1982,54
790,1985,44,7,72
791,1989,35
792,1993,65
793,1996,19,33,3,39
794,1997,73
795,1999,91,4,71,7
796,2002,3
797,2006,53,59
798,2009,81,58,44
799,2012,70,94
800,2014,25,61,65,62
801,2015,71,50
802,2016,50,14,76,18
803,2020,48
804,2023,49,37,94
805,2027,72,65
806,2028,68
807,2030,8,52,78
808,2031,18,4,9
809,2035,62,4,45,76
810,2037,51,11
811,2041,92,63,83,63
812,2045,86,29
813,2047,90,75,2,22
814,2050,42,14
815,2053,83,85,8,41
816,2055,38
817,2059,91,56,7
818,2060,86
819,2064,38,68,47,42
820,2068,58
821,2069,40,66,52,62
822,2071,59,92
823,2072,74,54,8,48
824,2074,29,86
825,2078,19,36,47,18
826,2082,55,74,20,72
827,2084,44,45,47,35
828,2087,70,93
829,2088,84,40,31
830,2092,48,2,33,64
831,2094,56,65,86,23
832,2096,36,36,68,29
833,2100,10,44,4,12
834,2103,5,30,61,45
835,2106,70,48,77
836,2110,57,42
837,2112,4
838,2115,32
839,2119,52,98,48
840,2123,63,9,63,4
841,2127,55,42,55,26
842,2130,72,64
843,2133,70,39
844,2137,44,24,89,30
845,2139,57,44,34,49
846,2142,43,81,2
847,2144,65,57,16
848,2145,21
849,2149,55,44
850,2150,50,40
851,2153,4,31,14
852,2154,76
853,2156,17,78,63,9
854,2159,43,5,16,61
855,2163,38
856,2167,94,59,26
857,2168,63
858,2171,50
859,2174,72
860,2175,51,8
861,2178,41
862,2179,23,15
863,2183,86,53,8,37
864,2186,21
865,2187,17,99,57
866,2191,15,16,89,15
867,2194,5,85,53
868,2195,54,94,68,45
869,2196,92,3,61
870,2198,24,29,54
871,2202,60,66,69
872,2204,25
873,2208,77,35
874,2209,64,74
875,2213,42
876,2215,32,7,51
877,2218,29
878,2222,33,90,39,30
879,2226,77,19,65
880,2229,18,43
881,2230,19
882,2233,11,51
883,2237,35,4
884,2240,83
885,2244,94
886,2248,47,46,68,59
887,2251,67,25,56,60
888,2255,72,28,67,72
889,2257,64,6,41
890,2258,44,66,7
891,2260,75
892,2262,83,48,61,64
893,2265,42,30,97,50
894,2266,26
895,2270,97
896,2274,27,57
897,2275,46
898,2278,6,66,86,35
899,2280,99,15
900,2283,10,55,28
901,2284,94,37,39,93
902,2286,88,38
903,2288,41
904,2290,55,66,73
905,2294,74,50,18
906,2296,88,58
907,2298,75
908,2300,32,22,98
909,2302,97,44
910,2305,35,95,47,91
911,2306,18,13,53
912,2307,40,49,56,26
913,2308,31
914,2312,93,88
915,2315,87,49,8,38
916,2318,78,21,47
917,2319,53,56
918,2320,57,23,87,61
919,2322,55,39,86
920,2323,35
921,2325,55,18
922,2328,44
923,2330,32,22
924,2332,2,70,48
925,2335,64,32,93
926,2338,69,38,8
927,2341,22,22,58,91
928,2342,48,33,34
929,2345,33,18,10,45
930,2347,87,10,66
931,2351,6,69
932,2354,20,52,39,14
933,2358,55,54,76,41
934,2362,4,62
935,2366,3,26,47
936,2367,9,82
937,2370,93
938,2371,7,78,57
939,2375,60
940,2379,5,1,76
941,2382,21,71,17
942,2386,70
943,2388,40,60,81,90
944,2391,28,76
945,2392,34
946,2393,15,49
947,2394,41,51,63
948,2398,39,20,43
949,2401,22,21,91
950,2405,4,90,8,5
951,2407,10
952,2409,50
953,2413,58,97,78
954,2414,24,6
955,2417,1,10
956,2419,22,81,79,84
957,2422,77,80
958,2425,67,17,76,10
959,2427,31,23
960,2428,84,69,80
961,2429,16,78
962,2431,11,35
963,2432,45,2,73,1
964,2435,95,43,20,86
965,2437,61,83,93,63
966,2441,50,64,10,25
967,2444,53
968,2447,86,79,30,2
969,2448,16,34,33
970,2452,70,31
971,2454,48,59,74
972,2458,31,86
973,2460,9,66,86
974,2462,50
975,2463,92
976,2464,90,30,72
977,2468,15,20,9
978,2470,24,78,41,2
979,2471,31,42
980,2472,63
981,2476,72,86,89,38
982,2480,37,33,74,17
983,2484,4,40,38,4
984,2487,2
985,2491,4,60,13,97
986,2494,1,55,55,88
987,2498,66,99,14,57
988,2500,82,24,36
989,2503,25,35
990,2504,58,74,25,94
991,2505,49,26
992,2508,39
993,2512,79
994,2513,51,29
995,2516,37,8,82,32
996,2518,80,29,55,53
997,2521,32,87,58
998,2525,69,65,18
999,2526,76,97,81
1000,2529,75,40,39
1001,2530,1,10,76
1002,2531,82
1003,2533,48
1004,2535,49,39
1005,2536,76
1006,2538,63,46,76,43
1007,2540,48
1008,2543,43,75,43
1009,2544,47
1010,2548,91,41,81,44
1011,2549,64
1012,2551,3
1013,2552,25,45,84
1014,2554,8,84,54
1015,2557,30,85
1016,2560,42
1017,2563,62,76,73
1018,2567,86,69
1019,2571,57,86,87,71
1020,2575,71,97,87,22
1021,2579,44
1022,2580,30,22,82,70
1023,2584,2,34,41,44
1024,2586,95,83,55,80
1025,2590,46
1026,2592,5
1027,2593,21
1028,2595,86
1029,2596,57,25,44
1030,2598,64
1031,2600,25,89,92,62
1032,2604,13,45,75,10
1033,2605,47,96,88,14
1034,2607,8,42
1035,2608,51,40,36
1036,2609,82,38,2
1037,2612,35,4
1038,2616,90,2
1039,2617,50,41,83
1040,2620,86,48
1041,2624,66
1042,2627,13,80
1043,2629,54
1044,2633,92,78,34
1045,2635,9,69,47
1046,2637,46,93,23
1047,2638,51,55,51
1048,2640,41,41
1049,2644,27,30,51,58
1050,2647,11,44
1051,2649,66,20,94
1052,2651,69,67,41
1053,2652,72
1054,2653,88
1055,2656,23
1056,2659,79,52
1057,2663,25,32,21,19
1058,2664,85,89,97,92
1059,2667,83
1060,2670,32,51,19
1061,2673,8
1062,2677,75,58,59,39
1063,2680,65,35
1064,2683,53,71
1065,2684,92,77,40,86
1066,2685,35,66
1067,2689,38
1068,2693,90,88,43
1069,2694,53,72,94,2
1070,2698,89,90,70,23
1071,2699,96,65
1072,2703,98,32,71
1073,2704,9
1074,2707,76
1075,2710,72
1076,2712,52,43,6,38
1077,2713,63
1078,2715,13,17,58
1079,2717,12,87
1080,2721,1,25,28
1081,2724,89,93,25,95
1082,2725,33,63
1083,2728,87,48
1084,2732,53
1085,2733,60,82,60
1086,2734,89,66,77,85
1087,2737,45,80,33,34
1088,2739,4,40
1089,2742,63
1090,2745,28
1091,2748,48,26,81
1092,2751,74
1093,2752,16,81
1094,2754,8,24,41
1095,2756,38,69,99
1096,2757,50,31,98
1097,2761,78,90,38,32
1098,2764,50
1099,2766,9,19,85,26
1100,2768,3,51,82,98
1101,2771,54,89,64,95
1102,2773,66,83,72,44
1103,2776,41,20
1104,2778,89,95,66
1105,2779,48
1106,2780,65
1107,2781,51
1108,2782,69,6,62,79
1109,2786,84,77,62
1110,2787,58,31,85,21
1111,2789,75,89,76
1112,2790,71,66
1113,2792,80
1114,2796,86,68,94,10
1115,2797,56,56,57
1116,2798,38,54
1117,2801,84,41
1118,2805,38,4,85
1119,2808,34,90,42
1120,2812,23
1121,2815,58,28
1122,2819,59,29,61
1123,2823,34,26,75,73
1124,2825,8,52
1125,2829,42,21
1126,2831,11,77
1127,2834,97,89,54,70
1128,2835,18,88,85,59
1129,2836,13
1130,2837,80
1131,2840,25,46
1132,2841,61
1133,2844,24,21,70,8
1134,2848,10
1135,2850,34,85
1136,2852,84
1137,2855,17,88
1138,2858,26,43
1139,2860,41
1140,2862,42
1141,2863,71,25,34
1142,2865,10,38,12
1143,2866,84,62
1144,2870,51,10,43
1145,2872,27,43
1146,2876,72,92,33
1147,2879,87,30
1148,2882,23
1149,2883,25,15,3,68
1150,2886,37,1
1151,2889,39
1152,2890,16,27,24,57
1153,2891,83,46
1154,2894,4,59
1155,2898,58,21,89
1156,2901,61,11,52
1157,2902,1,71,14
1158,2904,92,48,70
1159,2906,24,52
1160,2907,78,22,14
1161,2908,42,2,59
1162,2909,1,58
1163,2910,15,8,49
1164,2911,50,5
1165,2912,64
1166,2916,55
1167,2917,58,71,86
1168,2920,28
1169,2922,5,5
1170,2925,90,95,76,75
1171,2929,77,85,10
1172,2933,52,7,32
1173,2936,49,73,90,80
1174,2938,83,65,37
1175,2940,83
1176,2944,67,41
1177,2945,39,65
1178,2948,50,4
1179,2950,19,46
1180,2951,39,42,18,45
1181,2955,7,80,55
1182,2959,1
1183,2960,8,46
1184,2964,5,71,39,41
1185,2967,81,35,81
1186,2968,29
1187,2969,50
1188,2970,22
1189,2971,17,86,11
1190,2972,60
1191,2975,91,92
1192,2977,90,21,85
1193,2980,5,49
1194,2981,66,44,78
1195,2983,77
1196,2985,6
1197,2989,96,9
1198,2992,65,33
1199,2995,28,81,88,67
1200,2997,46,21,65,8
1201,2998,66,63
1202,3001,93,99,22
1203,3003,70,4,90,22
1204,3006,62,84,23,24
1205,3007,23,61
1206,3010,58,42,70
1207,3012,75,62,91,27
1208,3015,17,2,84,79
1209,3019,64,61
1210,3023,9,91,57,46
1211,3025,90,45
1212,3028,14
1213,3031,73,52,15
1214,3032,30,96,95
1215,3036,67
1216,3040,57
1217,3041,99
1218,3044,89,6
1219,3045,99,12,17
1220,3048,77,59,60,65
1221,3051,65,58
1222,3055,5
1223,3059,6
1224,3063,51,43,85
1225,3065,16
1226,3067,93,92
1227,3071,56,34,12,92
1228,3072,14,8,25
1229,3076,83,41
1230,3078,28,16,16,42
1231,3081,97,93
1232,3082,7
1233,3086,7,34,59
1234,3089,47,27,52
1235,3090,47
1236,3094,50,40,66,6
1237,3098,39,46
1238,3099,10,30,30,14
1239,3100,10,69,38,57
1240,3103,61,25,53,54
1241,3106,34,14,98
1242,3107,74,47,30,13
1243,3108,36,35,59,61
1244,3110,44,56
1245,3114,17,68
1246,3117,48,85
1247,3119,59
1248,3121,37
1249,3122,27
1250,3125,23,47,84
1251,3128,35,96
1252,3129,28,49,87,4
1253,3130,12
1254,3131,29
1255,3133,3
1256,3137,11,5,74
1257,3141,91,9
1258,3142,99,92
1259,3145,59
1260,3147,20,36
1261,3148,75
1262,3151,5,89
1263,3153,95,14,52,17
1264,3154,76,62,99,18
1265,3155,94,94,67
1266,3158,47,41,82,40
1267,3160,27,21,58,69
1268,3163,53,40,84
1269,3164,8,32,97,69
1270,3168,25
1271,3172,9,45,54
1272,3175,28,99,44
1273,3179,9
1274,3180,33
1275,3184,82
1276,3185,76
1277,3186,52,65,93,37
1278,3189,82
1279,3190,26,5
1280,3192,87,98,83
1281,3193,85,6,59,48
1282,3194,31,12
1283,3196,27
1284,3200,91
1285,3202,20,56,32
1286,3206,38,12,80
1287,3208,5
1288,3211,18,26,55,77
1289,3212,71
1290,3214,84,94,88,26
1291,3218,45
1292,3221,87
1293,3224,16,5,76,27
1294,3227,77,29,1,70
1295,3230,14,23
1296,3234,89,62,91,63
1297,3237,45,93
1298,3241,10,52,6,91
1299,3243,64,97
1300,3245,62
1301,3249,77,32,92,59
1302,3253,85,11,52,74
1303,3255,61,82
1304,3257,26,4,65
1305,3260,15,88,71
1306,3262,55,1,72,62
1307,3263,59,30
1308,3267,76,32,19,87
1309,3268,63,20,70,50
1310,3272,2
1311,3274,61,59,79
1312,3276,19
1313,3279,44,33
1314,3283,25,51,9,84
1315,3286,29,39,47
1316,3288,14,46,34,11
1317,3292,78,31,65,72
1318,3295,1,96,9,68
1319,3299,21,2,71,69
1320,3303,23,31,39
1321,3304,99,68,65,7
1322,3307,30,86
1323,3308,87,92,68
1324,3312,95,47
1325,3313,14,33,33,26
1326,3315,18,24
1327,3319,36,35,85,70
1328,3322,9
1329,3324,90
1330,3328,74,7,94
1331,3329,30,20
1332,3332,68,8,57,94
1333,3333,19
1334,3336,86,47,40
1335,3339,61
1336,3343,81,14,29
1337,3347,14
1338,3350,27,78
1339,3352,75,88
1340,3356,56,86
1341,3359,83,92,91,24
1342,3361,21,95,36,75
1343,3363,38,23,34,19
1344,3367,31
1345,3370,22,19
1346,3374,13
1347,3375,91
1348,3379,10
1349,3380,50,64,48,1
1350,3381,55,85
1351,3384,37
1352,3386,27,47,19
1353,3387,79
1354,3390,42
1355,3393,43,50,30,66
1356,3396,82,90
1357,3398,87,80,83
1358,3402,55,25,70,7
1359,3404,61,48
1360,3405,46
1361,3408,74,73
1362,3409,9,1
1363,3410,21
1364,3414,16,24
1365,3417,82,88,10
1366,3420,97,71
1367,3424,36,84,39,66
1368,3426,98,34
1369,3429,51,34,4,78
1370,3433,44,98,31
1371,3434,10,12
1372,3435,58,74
1373,3438,97
1374,3439,76,36
1375,3441,45
1376,3442,93,75,30
1377,3446,42,88
1378,3450,30,98
1379,3454,81,85
1380,3458,96,73
1381,3461,26
1382,3463,75,97
1383,3467,64,86,78,97
1384,3469,22,41,14
1385,3472,1,56,45,49
1386,3476,60,18,97,97
1387,3479,71,83,34,52
1388,3481,82
1389,3484,77,42,82
1390,3488,99,43,95,7
1391,3489,5
1392,3490,65,87,95,30
1393,3494,50,27,57
1394,3497,86,13,81,3
1395,3498,36,1,62,78
1396,3500,19,36,11,20
1397,3504,10
1398,3507,13
1399,3510,70,87,63,13
1400,3514,1,25,94
1401,3515,5
1402,3518,46
1403,3522,73
1404,3525,80
1405,3526,49,86,88,98
1406,3527,91,12,25
1407,3531,26,6,23,55
1408,3534,30,13,45,59
1409,3535,64
1410,3537,76,47,95
1411,3538,12,71,96
1412,3540,22,75,92
1413,3543,58,7
1414,3545,94,78,20,8
1415,3546,71,41
1416,3549,67,11,42,43
1417,3551,75
1418,3555,82,37,62
1419,3557,86,28
1420,3561,55,73
1421,3564,74,12
1422,3568,93
1423,3569,67
1424,3571,49
1425,3572,66,47,96
1426,3574,65,77,41
1427,3578,65
1428,3582,61
1429,3583,58,84,97
1430,3587,69,82,94
1431,3590,90,83,52
1432,3594,58
1433,3598,99,29
1434,3600,13
1435,3603,72
1436,3604,40,46
1437,3607,61,35
1438,3610,30,40,64,23
1439,3612,65,27,69,44
1440,3614,71,30,6,2
1441,3617,27
1442,3619,17,27
1443,3622,79
1444,3623,20
1445,3627,60,76
1446,3629,67,62,58
1447,3631,69,23,83
1448,3633,5,20,92
1449,3634,94,99,89,58
1450,3636,45
1451,3637,39,80
1452,3639,52
1453,3641,23
1454,3643,33,96,46
1455,3647,61
1456,3651,99,18,4,61
1457,3653,16
1458,3654,53,23
1459,3655,13,4,23
1460,3657,54
1461,3658,42,1,56
1462,3661,53,28,41,86
1463,3664,77,8
1464,3665,75,28,58,89
1465,3668,74,37
1466,3670,2
1467,3671,46,90,45
1468,3673,65,59
1469,3676,18,12,18
1470,3679,58,74
1471,3681,37
1472,3685,4
1473,3688,77,38
1474,3692,62
1475,3694,19,19
1476,3696,11,50
1477,3699,5,90
1478,3701,72,98,18
1479,3705,18
1480,3706,59,88,56
1481,3708,92,69,3
1482,3710,26,71
1483,3714,46,80,85
1484,3718,55,36
1485,3722,61,37,29,45
1486,3724,88,36,93
1487,3727,21,37,73
1488,3731,14
1489,3735,22,60,62,97
1490,3738,74
1491,3740,29,57,24,93
1492,3743,21
1493,3744,8,57,22
1494,3748,90
1495,3750,89,84,56,43
1496,3751,92,87
1497,3755,58,34,30,86
1498,3758,25,82,78
1499,3760,26,38
1500,3762,8,59,28
1501,3765,69
1502,3766,27,10,60,56
1503,3767,12,71,93,3
1504,3769,28,32,36,13
1505,3773,24
1506,3777,65,36
1507,3780,30,64,82,49
1508,3783,60
1509,3787,62
1510,3791,78,58,68
1511,3795,36
1512,3798,75,85,93,73
1513,3800,82
1514,3802,96
1515,3806,81,58
1516,3809,51
1517,3810,28,97,48,67
1518,3813,89,25,1,61
1519,3817,2
1520,3819,48,51,82,84
1521,3821,70,86
1522,3823,39,92,50
1523,3824,84
1524,3826,86,5,52,90
1525,3830,72,57
1526,3831,52,96,62
1527,3835,67,58
1528,3836,62,6
1529,3839,53,10,50,82
1530,3841,76
1531,3844,44,34
1532,3847,29,23,90
1533,3849,34,98,90,85
1534,3853,65,13,72,45
1535,3856,3,60,74,31
1536,3859,27,13,19
1537,3861,30,59,39,71
1538,3862,50,78,52
1539,3863,32,9,32,26
1540,3867,93,66,58
1541,3871,31,22,76
1542,3874,55,65,64,89
1543,3875,41,59,69
1544,3879,55,57
1545,3882,53
1546,3886,67,34
1547,3890,87,43
1548,3893,54,94
1549,3897,24
1550,3900,10,66
1551,3904,26
1552,3905,77,68
1553,3909,50,2,9
1554,3911,96,30,49
1555,3912,78
1556,3913,81,89,46
1557,3916,57,34,9
1558,3919,60,40,25
1559,3921,98
1560,3923,98,51,89,16
1561,3927,71,62,18
1562,3931,66
1563,3932,41,73,1,42
1564,3933,87,11,95
1565,3935,58
1566,3939,70,28
1567,3940,65,4,62
1568,3941,41,21,15,25
1569,3942,74,71,68,59
1570,3946,80
1571,3949,93
1572,3952,70,2
1573,3955,48,9
1574,3956,14,42
1575,3960,69
1576,3962,21,68,66,74
1577,3964,41,47,22
1578,3967,33
1579,3968,77,87,21
1580,3970,33,10
1581,3971,4,64,63,9
1582,3975,14
1583,3979,13,3,78,24
1584,3983,60,74,80
1585,3985,63,66,91,12
1586,3986,59,76,2,73
1587,3987,31,34
1588,3991,21
1589,3992,65,35
1590,3995,85,38,23
1591,3998,49,87
1592,3999,44,8
1593,4000,46,31
1594,4002,57
1595,4004,17,44
1596,4008,41,38,49
1597,4009,39,44,49,1
1598,4010,16,53
1599,4012,5
1600,4014,36
1601,4017,42
1602,4019,81,69,14,34
1603,4023,66,90
1604,4026,43,23,82,68
1605,4029,30,69,85,31
1606,4033,34
1607,4034,84
1608,4035,65,18
1609,4037,40,19
1610,4040,4,59
1611,4044,36
1612,4045,94,66
1613,4046,5,71,18
1614,4048,57,2
1615,4051,79
1616,4053,25,70,22
1617,4054,34
1618,4055,1,44
1619,4058,15,38,93,81
1620,4060,83,94
1621,4063,4
1622,4066,42,40,97
1623,4067,15
1624,4070,63,62,68,14
1625,4072,62,35,99
1626,4075,69,76,22,4
1627,4078,84,91
1628,4080,79
1629,4081,82,88,82,97
1630,4085,67,23
1631,4087,43
1632,4091,61,82,78,96
1633,4092,4,46,26,52
1634,4095,96
1635,4098,11,14,78,14
1636,4100,4,13,9,11
1637,4103,53,32
1638,4107,96,22,14,72
1639,4108,83,30
1640,4111,51,16
1641,4113,52,26,19
1642,4117,49,46
1643,4121,76,45,39
1644,4122,10,23
1645,4124,24,71
1646,4128,66,56,56
1647,4132,20,62,26
1648,4136,12
1649,4138,56,18,55,1
1650,4139,78,9,64,11
1651,4141,10,85
1652,4145,40
1653,4148,79
1654,4151,53,49,31,4
1655,4152,22,42,98
1656,4154,52,77,64
1657,4157,90
1658,4160,52,93,42
1659,4163,60,61
1660,4165,23,62
1661,4168,11
1662,4172,33,14,50,40
1663,4175,25
1664,4179,91
1665,4183,91,74,98,91
1666,4187,32,41
1667,4188,50,37,82,95
1668,4191,30,81
1669,4192,37
1670,4196,16,14
1671,4199,81,51
1672,4202,3,34,93,91
1673,4204,27,73
1674,4208,23,90,89,85
1675,4210,25
1676,4211,53,57,93
1677,4212,66,70,45
1678,4215,25,9
1679,4216,31
1680,4218,68
1681,4220,85,82
1682,4222,76,19,36
1683,4224,44,64,99
1684,4226,74,28,88,64
1685,4230,60,37
1686,4232,12
1687,4233,94,34
1688,4236,95,32,88,64
1689,4238,3,27,10,2
1690,4242,82
1691,4243,31,35
1692,4247,49,11
1693,4250,6,43
1694,4252,39,6,61
1695,4256,9,64,82
1696,4259,4,16,95,7
1697,4262,11,29
1698,4266,84,3,72,77
1699,4270,95,31,28,16
1700,4274,59,95,84,9
1701,4277,39,3
1702,4281,69,39,70
1703,4285,54,63,34,89
1704,4286,86
1705,4287,15,69
1706,4289,80,26
1707,4290,13,39,60,94
1708,4293,84,84,32
1709,4294,76,8
1710,4296,63,99
1711,4297,33,29,13
1712,4301,75,56
1713,4305,50,20
1714,4309,31,61,53
1715,4312,32,59
1716,4313,19
1717,4317,33,79
1718,4320,68,71
1719,4324,94,86,52
1720,4327,78,92,27
1721,4329,69,60,30
1722,4330,62
1723,4334,92
1724,4335,46
1725,4338,69,90
1726,4339,45
1727,4343,43,64
1728,4345,53
1729,4346,51,70,88
1730,4347,95,93
1731,4349,84,89,48
1732,4351,63,11,95,97
1733,4352,55,95
1734,4354,6,56,96
1735,4357,28,90,34,92
1736,4358,80
1737,4361,60,70,73
1738,4364,52
1739,4365,6,1,84,24
1740,4368,39
1741,4371,82
1742,4375,75,19,28,52
1743,4378,79
1744,4380,42,4,26,89
1745,4384,88
1746,4388,22,61
1747,4391,25,68
1748,4394,65,80
1749,4396,15
1750,4398,59,68
1751,4402,83
1752,4404,2,8,9,32
1753,4407,79
1754,4410,36
1755,4411,32
1756,4414,25,39
1757,4418,57,76
1758,4422,36
1759,4424,48,50,30,51
1760,4427,43,27
1761,4431,58
1762,4435,97,92
1763,4439,85,18,75,93
1764,4440,29,17,62
1765,4442,89
1766,4445,33
1767,4446,56,66,13
1768,4447,70,77
1769,4448,18,29,29
1770,4450,66,1,51,28
1771,4451,80
1772,4452,17,91,78,26
1773,4456,61,72
1774,4459,66,63,41,69
1775,4461,20,29,98,11
1776,4463,54
1777,4464,88,63,63,79
1778,4465,95,97,86,2
1779,4469,65,15,92
1780,4471,38
1781,4474,77
1782,4477,98,79,18
1783,4478,72,28
1784,4482,66,72,58,76
1785,4486,11,9
1786,4488,96,27,52
1787,4489,42,46
1788,4492,70,78,10,22
1789,4496,33,69,41
1790,4498,54,53,63
1791,4502,77,59,46
1792,4503,77,17,68
1793,4507,25,6,85
1794,4510,61,90
1795,4512,95,26,70
1796,4513,34,3,74,79
1797,4517,24,53
1798,4520,96,3
1799,4523,28
1800,4524,86,18,73,9
1801,4526,21,22
1802,4528,39,57,76,25
1803,4530,32,22,93,77
1804,4531,66
1805,4534,11,93,49,22
1806,4538,5,79,54,56
1807,4541,96,44,73,23
1808,4542,35,36,53,96
1809,4546,37,50,19
1810,4548,55,64
1811,4552,12,86
1812,4555,42
1813,4557,34,41
1814,4561,35,92,33,25
1815,4563,92,46,27,14
1816,4566,25
1817,4570,93
1818,4571,32
1819,4572,91
1820,4574,23
1821,4575,7,80
1822,4578,68,24
1823,4582,55,65,25
1824,4584,35
1825,4585,36,5,68
1826,4588,13
1827,4590,25,34,48,49
1828,4594,57
1829,4596,48,5,76,27
1830,4598,74,29
1831,4600,69,31
1832,4602,94,94,85,54
1833,4606,81
1834,4609,66,66,31,42
1835,4610,38,43,2,63
1836,4613,10,86
1837,4616,24,82,11,48
1838,4620,49,7
1839,4622,36,28,17
1840,4623,8,15,38
1841,4627,73
1842,4631,88,59,57,68
1843,4633,54,28,37,82
1844,4634,41,84
1845,4637,87,4,1,33
1846,4638,8,70
1847,4640,89,76,65,34
1848,4641,63,47,57
1849,4642,32,81,71
1850,4645,55,15,36
1851,4649,49
1852,4652,59,87,46,46
1853,4654,81,98,21
1854,4658,99,43,62
1855,4659,98,49,50
1856,4661,1,23,64,82
1857,4663,46
1858,4667,9,49,42
1859,4671,86,97
1860,4673,27
1861,4677,23,69
1862,4679,86
1863,4681,64,57,26,16
1864,4684,89,70
1865,4687,56,14,92
1866,4690,85
1867,4693,1,20,36
1868,4697,2,31,61
1869,4701,64
1870,4703,18,81
1871,4706,26,80,58,41
1872,4709,9,89,21,80
1873,4713,90,57,10
1874,4717,36,74,10
1875,4721,14
1876,4722,41,98
1877,4724,46,20,13,10
1878,4725,36,70
1879,4727,36,70
1880,4729,50,33,47
1881,4733,46
1882,4737,6
1883,4739,90,55
1884,4743,45,28
1885,4744,50,42
1886,4747,60,91,85
1887,4748,82
1888,4750,70,67
1889,4751,20,21
1890,4753,12,19,35,55
1891,4756,44,46
1892,4758,28
1893,4760,55,20,7,29
1894,4762,96
1895,4764,44
1896,4766,25,35,43,76
1897,4768,96,41,1,68
1898,4771,46,82,13
1899,4775,88
1900,4778,61,52,57
1901,4780,65,21,37
1902,4781,19
1903,4785,26,95,96
1904,4789,16,89,23
1905,4793,34,73,48
1906,4795,57,80,20,79
1907,4797,36,12,29
1908,4800,96,46,82,42
1909,4801,36,63,38
1910,4805,35,32,84,20
1911,4807,24,77
1912,4808,98,56,31
1913,4809,4,87,2,15
1914,4810,10,36,79,33
1915,4813,13,53,58
1916,4816,20,94
1917,4819,82,71,34,78
1918,4823,1,58,23
1919,4826,70,11,68
1920,4827,61
1921,4831,95
1922,4835,61,14
1923,4839,57
1924,4841,11,31
1925,4844,62,2,44,17
1926,4846,53,53,8,19
1927,4849,31,69
1928,4853,50,10,10,35
1929,4857,95,77,49
1930,4858,25,37
1931,4860,7,9,82,74
1932,4863,2,37
1933,4866,42
1934,4869,92,27,35
1935,4872,8,83
1936,4876,30
1937,4879,81,62,51,4
1938,4881,91,35
1939,4882,54,43
1940,4885,67,66,65
1941,4887,12,72,36,18
1942,4888,38
1943,4890,5
1944,4892,93,60,96
1945,4893,65,84
1946,4895,8,91
1947,4899,60,68,5
1948,4900,9,64
1949,4902,30,30
1950,4906,26,94,57
1951,4909,92,41,14,91
1952,4910,99
1953,4912,61
1954,4916,32,16
1955,4918,12,18,29
1956,4922,21,37,9,48
1957,4925,61,52
1958,4929,3,85,89,14
1959,4933,34,39,93
1960,4937,37
1961,4939,11,52,20,54
1962,4942,10,78
1963,4944,66,56
1964,4945,35,59,31,54
1965,4948,41
1966,4950,59
1967,4954,33,18,72,8
1968,4956,17,31,31
1969,4959,26,83,74
1970,4960,58,77,16
1971,4963,39,22
1972,4966,70,86,87,91
1973,4967,18,22
1974,4970,59,59,49,42
1975,4972,84,97
1976,4974,48
1977,4977,45,82
1978,4979,69,23,79,37
1979,4980,80,32
1980,4981,16,67
1981,4985,46,59
1982,4988,78,51,95
1983,4990,55,60,20,5
1984,4993,38,79,48,77
1985,4996,50,29,85
1986,5000,7
1987,5003,57
1988,5005,3
1989,5006,74
1990,5010,94,35,6,57
1991,5013,46
1992,5015,13,5,98
1993,5016,94
1994,5019,43,36,99
1995,5020,22,71,96
1996,5023,67
1997,5027,25,75,76,55
1998,5029,69
1999,5031,69,27,41
