0,3,99,98,44,85
1,4,67,79
2,8,75,77
3,11,40,54,15
4,15,79,22,37
5,16,17,8
6,20,3
7,21,19
8,25,62,18,67,55
9,28,71,22
10,30,8,86
11,34,90,19
12,35,72,79,5
13,36,84,74
14,37,67,14,62,97
15,40,51,54,70,77
16,42,6,53,61
17,45,8,85,84,35
18,49,76,83,18
19,50,62,55,5,81
20,51,90,98,29
21,54,99,18,8
22,55,50,73,85,2
23,56,28,44
24,60,53,10,25
25,61,90
26,65,47,92,99
27,67,55,73
28,68,9,18,40,85
29,69,47,83,27
30,73,8
31,74,17,30
32,76,2
33,78,47,95,82
34,80,22,6
35,81,16,55,46,88
36,83,43,23,33,74
37,84,60
38,86,29,11,22,76
39,90,80,10
40,92,51
41,96,15
42,100,71
43,102,38,46
44,103,59
45,106,50,82
46,109,88,51
47,110,86,46
48,112,48
49,115,91,5,39
50,117,71,36
51,119,96
52,120,83
53,122,93,16,96
54,126,93,96,12,26
55,127,61,91,52
56,130,69,44,15
57,131,1,47
58,133,22
59,134,51,15,56,70
60,135,58
61,137,34,49,38,19
62,138,68,6
63,142,73
64,144,88,68
65,148,70,45,76,42
66,152,80,95,1
67,155,34
68,159,72,82
69,161,39,36
70,163,16,55
71,165,73,46,46
72,168,53,36,99,57
73,171,56,93
74,173,42,3,15,25
75,176,20
76,180,36,34
77,181,27,16,41
78,185,36,86
79,188,59,46
80,192,90,80,90
81,195,21,58,61,24
82,199,98,68,10,31
83,200,80,40,27,62
84,204,62
85,207,3,74,35
86,208,86
87,209,30,9,85
88,210,58,29
89,211,54,75,4,66
90,212,61,75
91,213,23,94
92,217,57,51,68
93,218,37,74,98,36
94,220,95,44
95,222,29,10
96,225,62,95
97,227,66,19,56,68
98,229,39,28
99,233,60,96,97
100,235,91,49
101,236,45,59,54
102,238,45,34
103,240,47
104,244,93,21,2
105,248,37,22
106,250,42
107,253,75
108,257,62,73,86,55
109,260,16,90,43,34
110,263,31,42,78,87
111,265,92,31,13,63
112,268,99,77,98
113,269,60,92,55,87
114,271,56
115,274,67,65,80
116,275,44,90,16
117,276,4
118,278,21
119,282,47,63,20,97
120,284,60
121,285,59
122,286,64,72,88
123,288,67
124,292,27,47
125,295,78,49,60
126,298,95,57,46
127,300,98
128,301,73,17,2,52
129,302,39,5
130,305,76,6,39,31
131,309,46
132,311,70,56
133,314,26,14,21
134,315,80,36
135,317,41,3,72
136,321,14,13,76
137,322,31
138,324,96,2,18
139,327,2,39
140,328,65
141,331,33
142,335,35
143,338,3
144,342,31,70,64
145,343,89,7,78,18
146,346,20,67
147,350,18
148,351,34
149,355,19,43,98,73
150,356,2,94
151,359,77,65
152,361,91
153,365,57,95,24,23
154,368,90
155,369,17,98,85
156,373,79,6,96,48
157,374,48
158,377,23,83,29
159,380,74,2,16,21
160,384,45,13,43
161,385,70,86,29,39
162,389,7,77,10,27
163,392,37
164,396,42,85,17
165,400,77
166,404,37,24,19,27
167,405,78,31,80,67
168,406,72,82,84,65
169,407,56
170,410,59,80,99,71
171,414,54,9
172,418,80,92
173,419,75,11,54,97
174,423,41
175,427,1,36
176,430,58
177,432,98,46
178,433,86,14
179,437,35,94,76,76
180,441,59,46
181,444,42,8,16,1
182,448,43,77,81
183,452,72,69
184,453,4,15,67,17
185,456,24,90,28,94
186,457,41,51,13,58
187,458,95,18,56,29
188,460,3
189,463,29,42,3,73
190,464,27
191,465,21,60,78
192,468,97,54
193,472,49,59,9,41
194,475,38
195,477,41,11,48,24
196,480,5
197,483,48
198,487,91,26,42
199,489,32
200,493,55,3,63
201,494,95,29,14,26
202,496,83,23
203,499,97
204,501,67,93,57,28
205,502,33,25,76
206,505,37,9,46
207,507,50,88
208,509,52
209,511,90
210,514,80,40,39
211,515,34
212,517,54,35,67
213,519,69,35,35,19
214,521,28
215,523,81,42,39,93
216,526,58,65,19,38
217,529,76,38,11
218,533,88,89,18,17
219,534,56
220,537,12,89
221,540,16,38
222,542,78,95
223,545,28
224,547,3,12,92
225,550,66,74,87
226,551,68,62,98,89
227,555,77,91,32,39
228,556,37,84,70,48
229,560,35,14,89,54
230,564,44,84,58,49
231,567,89,22,87,57
232,571,40,44
233,574,17
234,578,21,28
235,580,71,24,56
236,581,9,57,43,92
237,583,39,99,93,23
238,587,90,3
239,591,30,89
240,592,95,85
241,593,99,26
242,595,97
243,596,36,88
244,599,3,83,11
245,600,28
246,601,87
247,603,98,10,21
248,607,6,92,55,75
249,609,34,24
250,613,50,63,73,12
251,616,78
252,618,22,96,17,53
253,622,46,89,38
254,624,86,12,43
255,628,49
256,629,72,76
257,630,67,47,75,50
258,634,39,33,48,95
259,637,54
260,639,12
261,642,24
262,643,14,17
263,645,77
264,647,34,47
265,649,88,85
266,651,88,29,35,1
267,652,28,44,99,46
268,655,17,27,4
269,659,36
270,661,88,49,68,39
271,663,56
272,664,72,27,19
273,667,98
274,668,90
275,672,25,83
276,676,32,98
277,678,27,96,15,13
278,682,25,73,10
279,686,76
280,688,97
281,691,12
282,695,89,12,93,82
283,697,23
284,700,2,2,9
285,704,81,87,76,64
286,705,36
287,709,77
288,712,12
289,713,66
290,714,31,84,20,72
291,716,29,36,51
292,718,51,4,74,83
293,721,70,27,62,56
294,723,23,14,82,44
295,726,15,11
296,727,92,66,51,19
297,730,73,1,77,42
298,733,45,7,87,72
299,734,42
300,735,4,8
301,737,19,61
302,739,98
303,740,86,36,93
304,744,28,95
305,746,9,90,30,16
306,750,24,96,22,86
307,754,96,73,70
308,758,13,11
309,761,60,51
310,765,43
311,767,54,41,45,74
312,768,44,40
313,770,7,89
314,771,6,15,88,17
315,774,15
316,777,80,16,61,20
317,780,63,64,80
318,784,72,23
319,788,15
320,790,80,21,11
321,793,42,50
322,795,30,69
323,798,65
324,799,4,49,89
325,802,73
326,803,38,96,13
327,806,49,91,5,39
328,810,11,8,55,89
329,811,58,63
330,812,85,95,5,54
331,815,47
332,817,59
333,819,61,84,8,47
334,821,50
335,824,15,67
336,826,59,28,76,60
337,830,48,87,33,54
338,832,38
339,835,22,23,55
340,837,4,19,70
341,840,10,93
342,842,97
343,846,75,10,22,62
344,850,93,10,49
345,851,70,69,18
346,852,65
347,854,5
348,858,9
349,860,89,29,58,45
350,864,39,69,91,25
351,865,26,55,53,88
352,866,64,21,20,61
353,870,91
354,872,7,98
355,876,3,46
356,878,86
357,882,55
358,883,51,48,57,85
359,884,47
360,887,15,22,90,85
361,888,97,85,34,13
362,892,10,89
363,896,6,47,5
364,897,82
365,901,79,82,95
366,903,2,52
367,907,27
368,911,42,85,26,34
369,915,22,55,80
370,916,1,12
371,918,11
372,920,11,40
373,921,69
374,922,88,88,78,83
375,925,99,83,21,27
376,926,18
377,927,37,75,35
378,930,52,3,66,24
379,931,75
380,932,21,58,6,4
381,934,95,44
382,938,34,28,6
383,940,38,24,16,75
384,944,25
385,946,54,88,9
386,949,75,26
387,951,6,31
388,952,12,58,28,1
389,956,37,67,22,74
390,959,28,19,50
391,961,89,41,52
392,964,30,54,41
393,967,54,81
394,971,33,58,28,13
395,974,61,78,63
396,976,61
397,977,50,74,15,80
398,978,34,57,42,28
399,982,18,16,39
400,984,36,18,40
401,988,50,10,26
402,989,67,1
403,991,6,85
404,993,85,31
405,995,3
406,996,23,94
407,998,42
408,1001,55
409,1004,17,53,93,52
410,1008,29,47
411,1010,28,16
412,1014,15,17,30
413,1017,7,56
414,1019,1,31
415,1020,63,2
416,1024,32
417,1027,4
418,1028,13,27
419,1030,50
420,1031,60,43,15
421,1032,60,51,88
422,1033,11,12,86,58
423,1035,63,12,74
424,1037,57,31,59
425,1041,96
426,1042,81
427,1044,94,16
428,1046,8,25
429,1048,51,73,41
430,1052,23,45,49
431,1053,82,73
432,1056,76,94,53,33
433,1060,39,97,48
434,1064,74
435,1065,83
436,1066,22,31,98
437,1070,25
438,1073,55,62
439,1075,85
440,1077,9
441,1080,83,3,4
442,1083,47,8,7
443,1084,29
444,1088,96
445,1089,92
446,1090,40,8
447,1093,15
448,1097,96,13,11,37
449,1099,16,78,85
450,1100,81
451,1104,27,21
452,1107,47,31
453,1111,59,52
454,1112,28
455,1116,38,57
456,1119,77
457,1123,80
458,1126,91
459,1129,49,41
460,1133,17
461,1135,70
462,1138,76,8,30
463,1139,49,40,16,99
464,1141,75
465,1145,42,11,80
466,1148,20,43,46,93
467,1150,47,87,46,28
468,1152,26,18
469,1154,69,20,58
470,1157,17
471,1158,49,32
472,1160,32,69
473,1161,19,96
474,1162,71,85,35,41
475,1164,56,24,87
476,1168,48,33,46
477,1172,11,89
478,1176,64,58,73
479,1177,57,40,29,15
480,1180,32
481,1181,65,12,38
482,1185,35
483,1188,33,39,32,12
484,1191,88,83
485,1193,10,6,69,4
486,1197,13,74
487,1199,38,21,52,74
488,1201,26,46
489,1205,15,52,90,3
490,1208,8,69,7
491,1209,97
492,1213,51
493,1217,80,87,75
494,1218,19,54,1
495,1220,69,41
496,1221,6
497,1222,2,95
498,1223,16,39,67,96
499,1226,55,63,97,19
500,1230,48
501,1232,43,92
502,1236,41,60
503,1238,7,4,84
504,1240,53,87,99
505,1243,62,35
506,1247,3,34,1
507,1249,24,66,66,2
508,1250,77,75,96,39
509,1251,22,91
510,1253,73,9
511,1254,15
512,1256,51,33,56,89
513,1258,16,16,93
514,1261,23,67
515,1263,48,19,89
516,1264,23
517,1266,16,96
518,1267,61,46,27
519,1268,11,85,48,47
520,1272,70,47
521,1274,46,8,4
522,1276,29,80
523,1280,49
524,1283,72,98,7,83
525,1285,18,64,23
526,1288,74
527,1292,23,18
528,1294,93
529,1295,33,49,29
530,1297,29,88
531,1300,74
532,1302,75,22
533,1303,92,5,55
534,1304,66,13,21,14
535,1307,66
536,1308,98,6,47,75
537,1309,26,48,1,22
538,1312,5,57,35,55
539,1316,22,3,80
540,1320,95
541,1321,62,19
542,1324,10,70,99,24
543,1327,10,83,21,81
544,1329,87,18,93,93
545,1331,42
546,1335,78,72
547,1338,27,20,68,57
548,1341,73
549,1345,6,15,34
550,1348,98
551,1350,52
552,1351,4,53,89,5
553,1354,37,47,74
554,1355,15,58,32,41
555,1357,22,96
556,1358,32,98,7
557,1359,85
558,1361,40
559,1364,2
560,1366,70,56
561,1370,37
562,1374,66,96
563,1377,31
564,1379,96,33,12
565,1380,79,16,8
566,1383,63,85,34,19
567,1386,28,25,70,68
568,1389,96,35
569,1393,24,73,25
570,1396,75,44,53
571,1398,80,19,4
572,1402,59
573,1406,95,6,48,23
574,1410,50,74,13,33
575,1413,33,36,61,63
576,1414,91,83,45,52
577,1415,9
578,1416,56,23
579,1420,58,86,35
580,1422,65,44,12,9
581,1423,86,57,56,94
582,1424,22,77
583,1428,10,76
584,1430,52,89
585,1432,30,88,67,43
586,1436,71,21
587,1437,39,86
588,1439,82,33
589,1442,28,76,86,73
590,1446,41,84,21
591,1448,7,42,93,76
592,1449,32,46,72
593,1451,30
594,1454,47,70,58
595,1455,69,34,38,2
596,1457,13,2,72,93
597,1460,37
598,1461,42
599,1462,99
600,1464,16,40
601,1467,12,69,96
602,1470,61,67,58
603,1471,43,46,82
604,1472,18,48,54
605,1476,27,23,92,77
606,1479,64,82,55,8
607,1483,9,85,50
608,1484,51,27,14,45
609,1488,79
610,1491,19,61,66,32
611,1495,9,33
612,1498,34,1,4
613,1502,42,54,48,59
614,1503,99,2
615,1507,14,13,77,18
616,1509,53,90,36,27
617,1512,99,54,73,43
618,1514,9,27,84,48
619,1516,31,76,55,57
620,1520,20,23
621,1524,48
622,1527,74,44,19
623,1528,6
624,1532,32,12,3
625,1535,79,13,75,72
626,1539,80,53,68
627,1543,97,3,26,60
628,1545,77,95,90
629,1547,56,80,52
630,1548,92
631,1552,37
632,1553,43,44,84,35
633,1556,35,66
634,1557,64
635,1560,70,58
636,1561,2,8
637,1564,96,89,79,57
638,1567,96,22,84,32
639,1568,50,61,62,51
640,1569,21
641,1571,44
642,1572,26,71
643,1575,88,70
644,1579,54,51,21
645,1580,46
646,1584,81,82,63,56
647,1585,36
648,1589,89,58,11,22
649,1591,92
650,1593,85
651,1597,75,72,43
652,1599,96,79,94,52
653,1603,34,95,34,30
654,1607,7
655,1611,35
656,1614,59,51,25
657,1616,95,74
658,1619,44
659,1623,8,26,81
660,1624,67
661,1627,5,73,21
662,1629,62,71,30,71
663,1630,91,34
664,1634,57
665,1638,22,92,44,83
666,1639,49,3,76
667,1641,88,95,62
668,1644,43,89,4,85
669,1648,76,5,54,44
670,1651,94,75,89
671,1654,86,74,39,75
672,1656,76,20
673,1660,54
674,1663,47
675,1665,29,40,71
676,1667,9,9,4
677,1668,74
678,1671,24,28,59,27
679,1672,66,23,32,19
680,1674,69
681,1675,51
682,1676,84
683,1680,55,32
684,1684,90
685,1685,22,39
686,1689,31,97,44,16
687,1693,10
688,1695,78,27,68
689,1699,25,26,74,25
690,1701,35
691,1704,22,86,24,75
692,1706,38,95,7,95
693,1708,34,73,76
694,1711,30,91,38,10
695,1715,54,82,90,19
696,1716,75,1,34
697,1720,99,82
698,1724,82,70,12,3
699,1727,41,26
700,1731,13,87,85,33
701,1734,2,54
702,1737,44,84,74,50
703,1740,7
704,1743,22,38,83,81
705,1747,39,78,58
706,1749,49
707,1751,31,34,72
708,1755,47,95,86,47
709,1756,26,42,87,66
710,1757,36,77,23,62
711,1758,47,49
712,1760,6
713,1762,71,95,70
714,1765,34
715,1768,63
716,1770,77,44,71
717,1774,44
718,1776,48,49,77,48
719,1780,82,12,42,2
720,1783,56,6,68
721,1785,25,60
722,1787,86,59,1,83
723,1788,16,45
724,1790,15,33,49,3
725,1791,9,18,55,84
726,1794,73,88,87
727,1796,64,78
728,1800,15
729,1801,55
730,1804,26
731,1805,82,64
732,1807,95,66,10
733,1811,2,25
734,1812,25,61
735,1816,71,79
736,1817,88
737,1818,3,85
738,1822,30
739,1823,19,96,73,60
740,1827,81,6,45
741,1829,37,47,14
742,1833,73,32
743,1835,22,81
744,1837,10,94,31
745,1840,36,57,47
746,1844,54,69,82
747,1846,11,45
748,1849,82,40,62,55
749,1852,58,90,51,92
750,1856,34,31,41
751,1860,81
752,1863,54,26,9,30
753,1867,65,52
754,1869,56
755,1872,87,99,90,41
756,1873,55,94,69,54
757,1874,74,68,75,23
758,1875,87
759,1876,85
760,1878,53,15,69
761,1881,4,58,51,88
762,1884,79,13,19
763,1885,73,29,23,57
764,1888,14
765,1891,28,53,51,79
766,1893,51,96,12,94
767,1894,48,2
768,1896,55,65
769,1897,74,97
770,1901,52,90,84
771,1905,65,36,90
772,1908,63
773,1910,56,94
774,1913,83
775,1914,2,23,48,19
776,1918,9,48,22
777,1921,77,16,94
778,1925,51,8,24
779,1928,22,15,62,26
780,1929,96,98,64
781,1931,23,74,24
782,1935,15,42,10,25
783,1939,6,64,75,29
784,1942,73,75,86,31
785,1944,95,93,32
786,1945,42,29,69
787,1947,99,99,23
788,1949,71
789,1951,84,10
790,1954,42,60,57
791,1955,24,5
792,1959,18,63
793,1961,66
794,1965,16
795,1967,8,67
796,1970,71,25,13,54
797,1972,30,82
798,1973,28,31,99
799,1976,59
800,1980,7,6
801,1984,7,59,34,11
802,1987,89,10,23
803,1990,83
804,1991,75,33,52,23
805,1992,43,74
806,1993,44,88,92
807,1996,88,58,79
808,1997,10,97,23
809,1998,48,31,9,98
810,1999,98,89,41
811,2003,7
812,2005,51,6,40,42
813,2007,64
814,2009,50,98,59,78
815,2010,46,8,80,20
816,2011,52,52
817,2015,27,54,69
818,2017,90,21
819,2021,11
820,2023,76,29,13
821,2026,9,6
822,2028,75,48
823,2029,20
824,2033,27
825,2034,19,74
826,2035,28
827,2036,55,99
828,2039,79,82,74,18
829,2043,72
830,2045,97,99,50
831,2049,94,23,16
832,2051,82
833,2055,97,58,17
834,2056,52,96
835,2058,13
836,2060,14,45,23,56
837,2064,87,83,25,77
838,2067,12,14,1,64
839,2070,90,34,91,12
840,2074,75,22
841,2076,34
842,2078,46
843,2081,38,88,62,67
844,2085,47,2,94
845,2089,69,47,90
846,2091,42,8,68,40
847,2092,89,25,34,51
848,2096,74
849,2099,31
850,2102,98,29
851,2104,71,41,71,86
852,2105,50,56
853,2109,47,25,83,89
854,2112,6,79,32,58
855,2116,55,82,63,99
856,2117,20
857,2121,93,6,26
858,2124,21,11,2,40
859,2126,78,38
860,2129,26,69,1,95
861,2131,93
862,2135,82,63
863,2137,52,40,81,25
864,2140,44,18,45
865,2141,10,32
866,2144,56,87,97,5
867,2148,46,11,96
868,2152,7,48,90
869,2156,93,6,8
870,2160,49
871,2164,33,54,69,51
872,2166,54,72,53
873,2169,24,13,33
874,2170,68,22
875,2173,62,4,43,79
876,2175,54
877,2178,45,21
878,2179,75,75,82,13
879,2182,47,86
880,2185,39,66,62
881,2189,39,32,92
882,2192,17,42,79,98
883,2193,33,70,38,18
884,2196,54
885,2198,9,14,54,9
886,2200,70,18,19
887,2203,91,12
888,2205,77,99,9
889,2207,91,63
890,2211,61,82,80,71
891,2214,41,2
892,2215,70,92,64
893,2217,65,72
894,2221,67,43,85
895,2225,80,84,78
896,2226,29,62
897,2227,87,2,49
898,2230,66,83,99
899,2232,19,35,52,38
900,2234,70,69
901,2238,2
902,2242,73,27,50
903,2245,68,11,3,19
904,2249,93,49,46,6
905,2253,95,39
906,2257,73,49
907,2260,3,22,66
908,2263,24,72,26,26
909,2265,77
910,2269,7,99
911,2273,28,45,56,26
912,2277,26,43,56,54
913,2278,50,78,91,29
914,2279,77,81,45
915,2281,79,19,22,34
916,2283,18
917,2286,85
918,2290,88,6
919,2291,71,34,43
920,2292,29,11,42
921,2293,93,7
922,2295,15,70,49,83
923,2296,27,50,4
924,2299,34,91
925,2302,59,78,24
926,2306,61,46
927,2308,75,90
928,2311,1
929,2315,98,89,96,41
930,2316,68,40
931,2320,7
932,2321,48,90,12
933,2323,56,47,14,68
934,2327,18,41,10,73
935,2328,89
936,2329,6,64
937,2330,47,89,20,64
938,2334,58,8,40,68
939,2336,11
940,2339,39
941,2342,89,50,85,80
942,2345,3,88
943,2349,72,68
944,2353,40,15,6,20
945,2357,67,43,78
946,2358,70
947,2362,28,1,18,80
948,2365,25,67,90
949,2368,63
950,2372,17
951,2376,55,57,63
952,2377,54,79
953,2379,5,24,59,34
954,2383,14,61
955,2384,36,79
956,2386,57,56,80
957,2389,48,63
958,2392,37
959,2395,65
960,2398,41,46,11
961,2399,19
962,2401,42,7,58
963,2403,67,81,31,61
964,2406,64,82,32
965,2407,22,97,62,88
966,2409,29,92
967,2411,4,81,52,74
968,2415,33,74,15,58
969,2419,60,89
970,2421,85
971,2424,8
972,2427,11
973,2431,2
974,2434,93
975,2435,29,70,34
976,2438,47
977,2442,32,21,93
978,2443,23,11,6,63
979,2446,96,85,7
980,2447,5,68,68
981,2448,80
982,2452,72,75,59,68
983,2453,17,77,30,38
984,2456,95
985,2458,79,16,72
986,2461,43,19,24
987,2462,63
988,2465,43
989,2466,57,62
990,2468,87,31,31,44
991,2471,54,66,86
992,2473,93,72,86
993,2476,89
994,2479,44,9,57
995,2482,59
996,2484,52,67,26
997,2485,56,58,54,35
998,2489,31,77
999,2490,20
1000,2491,31,24,66
1001,2493,25,18,54
1002,2497,52,19
1003,2498,78,92,45
1004,2502,67,64,76
1005,2503,20
1006,2504,97,48,96,1
1007,2507,75,13,80
1008,2510,79,71,20,65
1009,2512,16,37,81,91
1010,2515,34,79
1011,2519,37,87,27
1012,2523,76,32,4,14
1013,2526,64,44,19,11
1014,2529,39,64,65,33
1015,2530,54,66
1016,2533,62,96,68,22
1017,2534,11,69,72,15
1018,2537,72,47,20,11
1019,2539,68,24
1020,2542,23,4
1021,2543,9
1022,2545,61,47,71
1023,2546,49,83,77
1024,2550,99,88
1025,2553,12
1026,2556,48,12,49
1027,2558,44,25,14
1028,2559,16,48,20,39
1029,2563,49,85,23,41
1030,2564,81,45
1031,2567,9,63,81
1032,2570,30,74,5
1033,2571,8
1034,2574,87
1035,2575,30,82,69
1036,2577,42,35
1037,2581,63,77
1038,2585,9,47,29,14
1039,2587,93
1040,2589,92,30
1041,2592,3,75,5,62
1042,2595,52,67
1043,2596,75
1044,2597,57
1045,2600,71,94,88
1046,2603,31,68,94
1047,2606,80
1048,2609,58,92,89
1049,2611,78,14
1050,2613,14,59
1051,2614,8
1052,2618,69,50,67,89
1053,2620,96
1054,2623,65
1055,2625,94,76
1056,2629,88,10
1057,2633,72,95,11,17
1058,2636,35,52,53
1059,2638,42,12
1060,2639,53,69,32
1061,2640,23,54,32,25
1062,2641,7,66,6,52
1063,2645,26,6
1064,2648,33,12,77
1065,2650,7,80,58,60
1066,2654,43,8,57
1067,2656,47,12,2
1068,2659,19
1069,2662,13,99,55,58
1070,2666,59
1071,2669,81,72,48,32
1072,2671,49
1073,2674,97
1074,2676,89,11,26,4
1075,2678,58
1076,2679,89
1077,2681,97
1078,2683,99,64,49,34
1079,2687,28
1080,2688,13
1081,2692,54,6,8,97
1082,2695,83
1083,2699,78,71,27,8
1084,2703,30,23
1085,2704,99
1086,2705,47,48
1087,2709,80,52,86
1088,2713,41
1089,2716,39,28,79,38
1090,2720,34,86,57
1091,2723,15,51,99
1092,2727,17,64,82,94
1093,2729,56
1094,2730,98,46
1095,2732,60,22,8,86
1096,2736,68,77,80,71
1097,2739,67,22,68
1098,2743,95,32,98,62
1099,2745,33,17,54,72
1100,2749,10,9
1101,2750,83,11,14,32
1102,2751,96
1103,2754,41,62,92
1104,2755,45,92
1105,2759,41
1106,2760,70,11,91
1107,2763,22,37,51
1108,2764,57,57,58,19
1109,2765,3,50,48
1110,2769,81,79,15,9
1111,2771,69,44,38
1112,2774,69,42
1113,2775,89,54,27
1114,2777,49,85
1115,2778,78,4,67
1116,2780,81,60,3
1117,2781,61,96,29
1118,2782,85,7
1119,2786,52,21
1120,2789,70,84,50,2
1121,2790,14,73,43,5
1122,2793,71,50,44
1123,2796,33,96
1124,2798,66,92,65
1125,2799,16
1126,2802,27
1127,2804,2,61
1128,2807,36,43,92,85
1129,2811,84
1130,2812,70,48
1131,2815,96,12,18
1132,2819,58
1133,2820,4,57
1134,2823,65,67,79
1135,2826,96,61,31
1136,2829,18,69
1137,2830,68
1138,2834,88,4,7,74
1139,2835,20
1140,2836,66,31,53,96
1141,2840,33,86,37,2
1142,2844,43,21,86,81
1143,2847,65,94,9
1144,2849,53
1145,2853,67
1146,2855,51,54,42
1147,2856,11,68
1148,2860,92,24,34,85
1149,2863,87,8,99,47
1150,2866,13,20,84,23
1151,2869,69,79,95
1152,2871,81,19,97
1153,2873,75,10
1154,2876,5,45,34
1155,2880,67,62
1156,2881,78
1157,2883,76,82
1158,2887,58,38,75
1159,2890,88,71
1160,2891,62
1161,2893,50,70,81
1162,2896,51
1163,2900,69,40,18,49
1164,2903,30,12,66,30
1165,2905,49,52,4
1166,2908,82,5
1167,2910,99,68,30
1168,2912,20,47
1169,2916,75,94,73
1170,2917,89,99,60
1171,2920,6,69
1172,2921,40
1173,2923,37,47,77
1174,2927,46,41
1175,2929,57,31,43,82
1176,2933,27,12,43,76
1177,2937,86,4
1178,2938,22
1179,2940,91,94,82
1180,2943,66,22
1181,2944,74,12,8,29
1182,2946,92,22,26,89
1183,2948,74,34,77
1184,2949,37,93
1185,2953,68,29,10,36
1186,2957,88,82,90
1187,2959,86,76,26
1188,2963,28
1189,2966,42,77
1190,2969,75,38,97,6
1191,2971,58
1192,2974,44,39
1193,2975,75
1194,2977,54,48,33
1195,2979,28,3,63,62
1196,2983,66,2,9
1197,2987,57,55,28
1198,2989,9
1199,2991,62,5
1200,2995,31,45
1201,2999,81,90,92
1202,3000,2,53,11,74
1203,3002,2,75
1204,3005,30,83
1205,3007,65
1206,3009,67,70,17,15
1207,3010,63,7,24
1208,3011,56,2
1209,3013,44,42,49,95
1210,3017,78
1211,3021,77,42,7,41
1212,3023,3,61
1213,3026,68,45
1214,3029,77,89
1215,3031,78
1216,3033,83,86,60,92
1217,3037,79,82
1218,3040,15
1219,3041,31
1220,3043,99
1221,3045,75,35
1222,3047,22,82,69
1223,3048,25,97,75
1224,3052,5,1,81
1225,3054,73,94,14
1226,3056,50,54,38,54
1227,3058,53,22,22
1228,3061,44
1229,3062,29,75,89,27
1230,3064,26
1231,3068,47
1232,3071,83
1233,3075,41,1,13
1234,3076,61,34
1235,3080,40,76,67
1236,3081,1,26,37,98
1237,3084,81
1238,3085,24
1239,3087,46,17
1240,3091,20
1241,3092,3,44
1242,3095,64,87
1243,3097,32,56,41
1244,3100,59,57,37,64
1245,3101,40,74,63,23
1246,3105,50,59,98
1247,3108,82,93,62,14
1248,3110,35,14
1249,3112,82,57,90
1250,3116,54,48
1251,3117,94,71
1252,3118,30
1253,3121,20,93,36,36
1254,3125,10,38
1255,3129,67,79
1256,3131,75,42,15,3
1257,3132,49
1258,3135,71,77
1259,3138,76
1260,3141,23,99,16
1261,3142,25,55
1262,3146,46,42,75,8
1263,3148,83
1264,3149,8,54
1265,3151,1
1266,3154,93,30,71
1267,3156,8
1268,3157,95,78,90
1269,3160,46,21,89,16
1270,3162,44,56,71,31
1271,3163,19,11,94
1272,3166,76,27,30,81
1273,3167,35
1274,3170,1
1275,3172,27
1276,3175,60,99,33
1277,3179,85,58,4,32
1278,3181,96,33,98
1279,3184,50,13,67,6
1280,3188,51,29,15,54
1281,3189,6,52,21,95
1282,3193,66
1283,3196,57,23
1284,3200,21,56
1285,3204,42
1286,3205,43,15,31
1287,3209,65,99,6,59
1288,3212,97,1,68,77
1289,3216,4,72
1290,3220,53
1291,3224,14,59
1292,3228,15,91,41
1293,3231,65
1294,3235,4,92,64
1295,3236,29
1296,3240,22,91
1297,3242,69,44
1298,3243,53,63,88,86
1299,3246,85,55,57
1300,3250,15,62
1301,3252,13,69,59
1302,3255,44,33
1303,3258,39,63,41
1304,3261,40,60,1
1305,3262,89,81
1306,3263,66
1307,3267,94
1308,3269,38,2,49,57
1309,3272,17,43
1310,3274,37,27
1311,3275,21
1312,3277,10,19,37
1313,3280,20,73
1314,3282,26,12,36
1315,3283,86,16
1316,3286,29,99,19,95
1317,3288,25
1318,3292,91,21
1319,3295,17,92,54,30
1320,3299,38,39,11,35
1321,3302,31
1322,3304,39,97,60
1323,3305,20,84
1324,3307,2,54
1325,3308,38
1326,3311,90,90,38,61
1327,3312,24,56,78
1328,3313,21,29,38
1329,3317,65,82,81
1330,3319,67,2
1331,3323,87,21
1332,3326,10,5,46
1333,3330,64,73,17,35
1334,3333,9,36
1335,3334,93,55,24
1336,3338,93,77
1337,3341,21
1338,3345,67,75,5,36
1339,3348,19,27,59,34
1340,3352,84,5,15,76
1341,3354,6,15
1342,3357,7,75,18
1343,3361,67,87
1344,3364,81
1345,3365,67,73,86,12
1346,3369,52,21
1347,3372,90
1348,3373,44,16,76,24
1349,3375,97,88,19
1350,3377,36,34
1351,3378,76,62
1352,3381,28,15,4,73
1353,3382,80,78
1354,3386,46,67,53
1355,3388,59
1356,3389,19,49,92,92
1357,3390,39,69
1358,3394,46,16,18,76
1359,3396,22
1360,3399,82
1361,3401,32
1362,3404,70,3
1363,3406,32
1364,3410,13,21,39
1365,3413,45,29
1366,3416,11
1367,3418,89,58
1368,3419,78,3,92
1369,3420,65
1370,3421,22
1371,3425,82,30
1372,3428,43,28,39
1373,3432,10,59,35
1374,3436,38,48,90
1375,3439,46,32
1376,3441,53,16,21,10
1377,3442,39
1378,3445,84
1379,3446,70
1380,3449,97,44,41
1381,3452,96,71
1382,3454,74,61,72
1383,3456,7,28,26,84
1384,3459,22,77,25,96
1385,3463,63,50
1386,3465,14,65,77,20
1387,3469,61,74,92,40
1388,3473,40,59,48,45
1389,3477,88,96,44,83
1390,3478,4,82,12
1391,3482,99,61,33
1392,3486,44,24
1393,3489,56,51
1394,3493,65,28,93
1395,3496,10,12,90
1396,3497,92,31,96,78
1397,3500,17
1398,3503,12
1399,3505,60,83,72,27
1400,3506,42,42
1401,3509,69
1402,3511,3,23,11,45
1403,3514,38
1404,3516,66,6,71,79
1405,3517,73,78,25
1406,3518,86,65,79,93
1407,3521,60
1408,3525,32,86
1409,3529,25,16,65
1410,3533,59,72
1411,3537,84,41,42
1412,3540,57,23,44,61
1413,3542,81,97,41
1414,3543,60,96
1415,3547,94
1416,3551,74
1417,3555,26,88,34
1418,3558,38
1419,3560,27,77
1420,3563,93,51
1421,3564,68,25
1422,3565,74,69
1423,3566,38
1424,3569,87,56,73
1425,3570,60,70
1426,3574,19
1427,3578,3,15,97
1428,3579,5,67,67
1429,3581,74,96
1430,3582,80,19,15
1431,3585,33,78,15,19
1432,3588,56,99,46
1433,3592,86,85,23,80
1434,3593,92,98
1435,3597,97
1436,3598,6,21
1437,3600,39,18
1438,3601,75,95,3
1439,3604,57,43,32
1440,3605,51,60
1441,3606,51
1442,3607,36,81
1443,3609,28,84
1444,3611,90,14
1445,3613,42
1446,3614,3,74
1447,3618,4,62,65,45
1448,3621,31
1449,3624,50
1450,3627,87,79,56
1451,3628,1,78,65,61
1452,3631,9
1453,3633,2,66
1454,3637,22,47,3
1455,3639,81
1456,3643,14,5,43
1457,3646,77,98,77
1458,3650,45,78,87
1459,3654,76,98,42,15
1460,3657,15,32
1461,3660,79
1462,3661,23,4,4
1463,3662,86,88
1464,3663,2,69,43,17
1465,3666,34
1466,3668,1
1467,3669,6,74,62,67
1468,3673,50
1469,3677,59,43,45
1470,3679,39,13
1471,3681,33,16,49
1472,3683,31,23,52,50
1473,3684,77
1474,3688,13
1475,3690,83
1476,3691,44,44,43,71
1477,3693,25,5,95
1478,3694,15
1479,3697,16,49,13
1480,3701,82
1481,3705,10,77,53
1482,3707,56,90
1483,3710,22
1484,3711,30,38
1485,3712,12,88
1486,3713,73,21,34,26
1487,3715,26,69,98
1488,3716,41
1489,3719,76,6
1490,3723,14
1491,3726,67,3,10
1492,3728,40
1493,3731,27,42
1494,3735,4,41,37,46
1495,3738,46
1496,3740,31,12,85
1497,3742,25,43,41
1498,3744,41,46,52,21
1499,3747,77
1500,3751,70,73
1501,3755,51,62,44,37
1502,3756,27,96,6
1503,3760,71
1504,3761,21,76,21
1505,3762,94
1506,3763,79,65
1507,3766,51,28,87,42
1508,3770,73,33,34
1509,3773,26,89
1510,3777,25,59,32
1511,3780,68
1512,3782,42,49
1513,3784,62
1514,3786,85,46,25,39
1515,3790,70,39,70,26
1516,3791,16
1517,3794,55,34
1518,3797,94,91,57,91
1519,3799,68,26,97,5
1520,3800,7
1521,3801,89
1522,3805,85,50,60,11
1523,3807,68
1524,3810,69,81,4
1525,3812,57,5,87
1526,3814,9
1527,3815,75,80,64
1528,3817,71
1529,3820,93,20,21,88
1530,3821,41,78,52
1531,3825,92,89,91
1532,3827,79,13,77
1533,3830,35
1534,3833,17,42,78,40
1535,3837,9,58
1536,3839,37,95
1537,3841,26,15,7,96
1538,3842,90,33,89
1539,3846,43,26
1540,3848,36
1541,3851,25,35,56,82
1542,3854,60
1543,3855,17,71,25
1544,3856,92,32,84
1545,3860,25,88,3
1546,3862,38,65,82
1547,3863,7,81,33
1548,3866,65,84,45
1549,3869,99,72,4
1550,3873,4
1551,3874,86,96,99
1552,3875,64
1553,3877,9,82,31,39
1554,3881,57
1555,3882,52,43
1556,3886,36,79,67
1557,3889,60,49,86
1558,3890,91,92,12
1559,3893,37,85,33,36
1560,3895,29,58,50,50
1561,3897,40,53,80
1562,3900,64,75,80,17
1563,3904,47,44,70,67
1564,3908,31,38,41
1565,3912,54,5
1566,3914,52,77,98
1567,3915,10,20,96
1568,3916,6,92
1569,3918,82,79,73
1570,3919,69,42
1571,3920,28,67
1572,3924,54
1573,3928,70,92,17,51
1574,3931,1,77,8,91
1575,3932,97
1576,3935,16,58,44,89
1577,3936,98,9,29
1578,3937,78,83,78,7
1579,3941,77,80,22
1580,3942,91,18
1581,3943,33,24
1582,3946,13,13,4
1583,3949,33,13,34
1584,3951,77
1585,3955,64,88,93,90
1586,3958,91,90,41
1587,3960,52
1588,3962,56,87
1589,3966,60,37,55,88
1590,3970,68
1591,3971,23,95,28,44
1592,3973,28,96,71,40
1593,3974,6,83
1594,3977,21
1595,3980,16,1
1596,3981,53,68,84
1597,3985,21,92,45
1598,3989,15
1599,3991,32
1600,3993,67,28,73,30
1601,3995,76,65,40
1602,3999,15,95,10,1
1603,4003,62,12,21
1604,4007,16,1,35
1605,4011,72
1606,4014,38,89,29
1607,4017,75
1608,4019,78,93,39
1609,4022,73
1610,4026,37,30,60
1611,4027,80
1612,4029,37,26
1613,4031,71,31
1614,4035,29,77
1615,4036,97,98,77,56
1616,4037,83,30
1617,4038,21,88,2,44
1618,4042,30
1619,4044,71,99,76
1620,4048,82
1621,4049,91
1622,4052,81,91,48
1623,4055,27,59,23,77
1624,4057,20
1625,4059,20,36
1626,4063,7,84,31,93
1627,4067,10,94,62,95
1628,4070,18,8,52
1629,4071,87,30
1630,4075,50,54,30,13
1631,4076,47
1632,4079,74
1633,4080,10,93,95
1634,4081,16
1635,4084,13,80,12
1636,4086,20,91,11,61
1637,4089,98,93,65
1638,4092,52,24
1639,4094,1,9,39,96
1640,4095,94,46,14,88
1641,4097,9,19
1642,4100,48,62
1643,4103,44,21,36,43
1644,4107,86,61,38
1645,4111,54,97,34,55
1646,4112,58
1647,4116,80
1648,4119,90,80
1649,4120,54
1650,4123,38,47,90,45
1651,4125,64,87,87
1652,4129,4,72
1653,4131,7,40,54
1654,4135,16
1655,4136,81,80,1
1656,4137,12
1657,4138,28,50,52,18
1658,4142,45,92,77
1659,4144,10,26,29
1660,4148,96,87,94,97
1661,4151,30
1662,4155,31,15,38
1663,4157,60
1664,4161,17
1665,4164,7
1666,4168,88
1667,4171,7,30,6,81
1668,4175,1,59
1669,4176,72,46,36
1670,4177,28,30
1671,4180,16,44
1672,4184,13,13,43,21
1673,4188,97,49,37
1674,4192,55,3,11,22
1675,4196,38
1676,4197,31,36
1677,4198,52,81,89,32
1678,4199,23
1679,4202,83,31,66,39
1680,4206,54,28,60
1681,4209,47,54,50
1682,4211,22,70
1683,4215,36,56
1684,4219,45,37,5
1685,4220,44,71,35
1686,4224,67,86
1687,4227,99,42
1688,4229,58
1689,4232,25,60
1690,4233,68
1691,4234,7,69,26
1692,4238,82,95,36
1693,4241,40,95,23
1694,4244,29
1695,4248,63,49
1696,4252,16,85
1697,4254,91,79,25,73
1698,4256,17,59,73
1699,4257,36
1700,4259,28,66
1701,4261,31
1702,4262,23,63
1703,4263,65,25,40,43
1704,4266,49
1705,4269,40,19,95
1706,4271,28,52
1707,4275,24
1708,4276,88,19,38
1709,4277,45,15
1710,4281,57,57,62
1711,4285,73,7,39,56
1712,4289,7,32
1713,4292,20,45,44
1714,4295,7,7,17,63
1715,4299,65,4,91,14
1716,4302,31,80,13,94
1717,4304,15,4,59
1718,4307,58,57
1719,4308,68,14,8
1720,4311,17,30,71,98
1721,4314,44,2
1722,4316,63
1723,4320,60,6,23,52
1724,4322,79
1725,4324,21
1726,4327,84,15
1727,4331,47,8,6
1728,4332,9,18,58
1729,4334,96,97,19,97
1730,4335,53,60
1731,4337,40
1732,4341,43,8,95,69
1733,4345,66,39,1
1734,4346,54,47,34
1735,4350,87,14
1736,4352,35,20,72,23
1737,4355,40,93,10,95
1738,4359,35,39,74,72
1739,4363,1
1740,4364,61,39,79,38
1741,4367,65,95,50,24
1742,4369,30,30,30
1743,4371,60,20,1
1744,4373,86,36
1745,4374,90,63,29,87
1746,4375,46,91
1747,4379,92
1748,4382,13,42,91,79
1749,4383,55,82,83
1750,4386,61,30,61,45
1751,4389,92,35,61
1752,4392,72,90
1753,4395,29
1754,4396,16,90,28
1755,4400,8,43
1756,4403,34
1757,4404,94,80
1758,4407,72,82,7
1759,4410,1
1760,4413,91,12
1761,4414,93
1762,4418,82,38,37
1763,4421,68,65,6,22
1764,4424,77
1765,4427,7,1,89,13
1766,4430,64,60,75,35
1767,4433,58,79,33
1768,4437,25,32,77,68
1769,4438,88,59,65
1770,4440,34,28,22
1771,4444,73,24,36
1772,4448,52,51,25
1773,4449,79,79,85
1774,4452,68,16,24
1775,4455,62
1776,4457,95
1777,4459,59,39
1778,4460,48,11,6,67
1779,4462,53,65,30
1780,4464,4
1781,4467,79
1782,4470,68,13
1783,4471,33
1784,4472,69,89,95
1785,4473,69
1786,4474,30,17,85
1787,4478,85
1788,4480,83,79
1789,4484,28,42,74,36
1790,4488,84,59,11,54
1791,4491,44
1792,4492,76,94,29
1793,4493,66
1794,4494,45,96
1795,4498,11,61,45,20
1796,4501,59,61
1797,4502,20,74,14
1798,4504,59,84,44
1799,4506,37
1800,4510,31
1801,4511,1
1802,4515,98,12
1803,4518,6,10
1804,4521,44,16,64,36
1805,4525,15,81,36
1806,4526,7,28,23
1807,4529,13,58,35,89
1808,4532,79,81
1809,4534,21,26,17
1810,4537,47,65,86
1811,4538,70
1812,4539,93
1813,4540,75,59,27
1814,4541,70,85,69,19
1815,4542,60
1816,4544,3
1817,4548,65,72
1818,4550,28,67
1819,4551,76
1820,4555,93,85,41
1821,4556,68,24
1822,4557,94,35
1823,4559,39,52,56,97
1824,4560,26,47,50,49
1825,4561,63,5,28
1826,4562,69,7
1827,4566,25,57,53
1828,4567,32,25,85,55
1829,4570,59
1830,4572,63,4,3,2
1831,4575,30,62,25
1832,4576,41,5,15,65
1833,4579,43,92,80,88
1834,4583,25,83,39,12
1835,4585,33
1836,4587,55,1,59
1837,4591,63,62,95,77
1838,4594,47,32,51,38
1839,4595,95,1,50,1
1840,4597,61,27
1841,4599,65
1842,4600,37,88,58,27
1843,4602,83,22,70,55
1844,4604,85
1845,4608,41
1846,4611,70,19,35,25
1847,4614,75,16,24
1848,4616,63,32
1849,4617,55
1850,4619,41,25,96,28
1851,4621,84,27,13
1852,4623,24,42
1853,4624,45,87
1854,4628,3,52,92,88
1855,4630,65,55,64
1856,4632,30
1857,4635,56,75
1858,4637,68,41,63
1859,4640,53,82,40
1860,4642,14,59,61,74
1861,4644,92,95
1862,4648,64,58
1863,4651,72
1864,4653,48,45,29,2
1865,4654,50,9,74
1866,4655,93,94,33,1
1867,4657,43,1,47,33
1868,4661,38,24
1869,4662,9
1870,4665,65,81
1871,4666,52,16
1872,4667,12,68,99,57
1873,4671,77,85,35
1874,4675,18,77
1875,4679,78,80,34
1876,4681,72,54
1877,4683,33
1878,4687,28,38,90,50
1879,4689,92,90,3,55
1880,4692,13,75,80,65
1881,4696,16,40,83,55
1882,4697,49,32
1883,4698,36
1884,4700,95,36,47
1885,4704,91,77,38
1886,4707,91,55,68,27
1887,4709,69,75,32
1888,4712,20
1889,4716,16
1890,4720,61
1891,4723,39,19,53
1892,4725,92,42,59
1893,4729,49,88,42
1894,4732,85
1895,4736,86,2,10,87
1896,4737,98,49,54
1897,4739,57,60,93
1898,4742,31,35
1899,4744,77,86,77
1900,4748,75
1901,4750,90
1902,4753,24,17,33,66
1903,4755,31,36,45
1904,4757,57,87,2,16
1905,4760,67,78,1,1
1906,4761,12,61,90
1907,4765,64,70,68
1908,4766,20,71,52
1909,4770,17,26
1910,4773,55
1911,4775,25,11
1912,4778,27,56,95
1913,4781,1
1914,4784,99,29,11,82
1915,4786,22
1916,4790,79,25,83,35
1917,4793,84,93,76,83
1918,4796,46
1919,4798,41
1920,4802,97
1921,4803,30
1922,4807,99,45,67
1923,4809,73,5,20
1924,4811,65,39
1925,4814,26,28
1926,4816,59,90
1927,4819,76,71,69
1928,4820,61,16,20
1929,4821,93
1930,4824,30,78,40
1931,4826,44,59,7,7
1932,4827,42,78,39,21
1933,4831,86,15
1934,4834,17,61,15
1935,4836,21,81
1936,4839,43,15,22
1937,4841,51,58,34,10
1938,4842,6,45
1939,4845,4,60,84,48
1940,4849,52
1941,4850,51,9,36,54
1942,4852,86,60,67,92
1943,4855,1,97,9,64
1944,4859,59,93,28
1945,4860,64,18
1946,4861,85
1947,4862,12
1948,4863,78,59,12
1949,4864,61
1950,4868,70,34,62,98
1951,4871,31,92
1952,4873,91,88,85
1953,4876,70,14,32,80
1954,4877,82,96
1955,4878,87,58,18,63
1956,4882,82
1957,4885,64,71
1958,4889,86
1959,4890,31,53,23
1960,4893,43
1961,4895,91,41
1962,4897,9,48,13,89
1963,4901,24,38,10,34
1964,4902,98
1965,4905,92,15,91
1966,4909,64,77,56,91
1967,4912,25,57,43
1968,4914,5,4,69
1969,4916,80,36
1970,4917,4,71,79
1971,4919,41
1972,4920,15
1973,4921,36
1974,4925,39,87
1975,4927,1,49
1976,4931,97,49
1977,4935,24
1978,4938,14
1979,4940,4,59,69
1980,4942,83,29,81
1981,4944,15,75
1982,4946,63,90,55,92
1983,4950,44
1984,4953,44,42
1985,4956,86,70,21
1986,4958,58,51
1987,4959,26
1988,4962,38,43,49
1989,4965,96,71,9
1990,4967,31,39,95,30
1991,4970,85,58,83
1992,4974,89
1993,4975,85,38,66,39
1994,4977,87,70
1995,4981,42,6
1996,4982,52,2,12
1997,4983,84,85,80
1998,4987,54
1999,4988,26,79,17
