0,2,54,89,57
1,5,15,93
2,9,9,84,33,23
3,11,32
4,12,78
5,13,78,91,33
6,15,89,10,86
7,16,80
8,17,13,96,45,47
9,21,78,83,90,5
10,24,9,3
11,27,80,35
12,31,59
13,34,58
14,38,86,56,37,62
15,41,86,15,15
16,44,60,84
17,46,99
18,47,94
19,51,71,56,96
20,54,87
21,58,97,2,85
22,60,63
23,62,63,49,35
24,65,85,35
25,68,86,95,43,2
26,69,77,49,60
27,73,76,53,77
28,74,6,47,85,16
29,78,65
30,82,64,38
31,84,42,76,42,91
32,87,98,30,83
33,91,50,86,9
34,93,49,33,27
35,96,81,1,74,8
36,100,1,33
37,103,51
38,106,25,35,17,11
39,109,10,12,21
40,113,46,85,97
41,116,88,94,88
42,117,71,51,56,70
43,121,27,77,39
44,123,38,34,28,44
45,124,44,37,46
46,127,3
47,131,86
48,135,99
49,139,59,71,29,41
50,140,53,77,66
51,141,31,80
52,143,93
53,144,28,94
54,145,12,83
55,146,86,71
56,148,38,44
57,150,70
58,151,14,15,52
59,152,19,41,6,87
60,153,15,52,74
61,155,61,17
62,158,47,37,94
63,160,86,50,36
64,161,66,22,52,32
65,164,3,16,60,59
66,168,21,33,89
67,171,60,55,10
68,173,74,85,78,14
69,174,86
70,176,77,79,74
71,180,95,20,22,7
72,183,39,20,5,81
73,186,78,47
74,188,14,86
75,190,43
76,191,5,91
77,194,79,79
78,198,26,95,49
79,202,55
80,205,23,66,27
81,206,97
82,208,11
83,210,36,61,87,97
84,211,18,78
85,213,69,89,88,2
86,216,75,2,23,51
87,218,93,45,47,20
88,222,70,91,9
89,223,86,18
90,226,97,38
91,229,62,61,61,59
92,232,77
93,236,82,83,80,5
94,240,73
95,242,43,63,13,37
96,245,86,44,63
97,247,77,82,88,53
98,251,4,96,59,48
99,255,33,80
100,259,66,94
101,261,57
102,263,65
103,267,40,87
104,269,49,20,72
105,272,31,4,75
106,273,23
107,276,55,88,49,74
108,278,91,9
109,279,98,50
110,281,55
111,282,19
112,285,11,90,71
113,287,93
114,291,86
115,293,83,1,73
116,296,60,10
117,298,59,93,45,22
118,302,73
119,305,89,52,75
120,307,13
121,308,42,73
122,312,89,27,83
123,315,80,18
124,319,1
125,320,87,36
126,322,33,33,78
127,324,23,11,22
128,328,2,42,81,73
129,331,86,16,25,30
130,332,1,56,64,34
131,336,87,91,86,53
132,340,90,92
133,342,55,49
134,345,10,49
135,346,44,11
136,349,59,23,17,85
137,350,28,11
138,354,46,45
139,356,6,3
140,359,96
141,363,62
142,366,39
143,369,88,6,63,29
144,371,66,59,68,50
145,374,7
146,376,61,28,19,94
147,378,76,94
148,380,12,29,28
149,383,27,36,87,89
150,385,72
151,388,28,72
152,389,72,25
153,391,90,38,49,74
154,392,8,2,44
155,396,32,21
156,397,77,60
157,400,10,39
158,401,31,25,42
159,402,40,66,76
160,403,92,38,34,33
161,404,50,30
162,407,54,11
163,410,42,31,77
164,414,97,64
165,416,99
166,418,8
167,419,79,18
168,421,44
169,422,38,21
170,424,13,38
171,425,47,99,65,36
172,428,90,45,47
173,430,29,77
174,433,72
175,435,86,41,26,65
176,439,39,26,57
177,440,2
178,443,11,55,44
179,444,2,38
180,447,51
181,450,41,99
182,453,90,90,58,63
183,457,59,47,95
184,459,88,28,75,59
185,461,79
186,462,42,56
187,465,32,84,11,56
188,468,73,39
189,469,53
190,470,93,43,63,15
191,472,18,11
192,476,94
193,479,57
194,481,30,63,84,12
195,485,4,67
196,487,66,55,2
197,491,30,3,25,56
198,493,45
199,495,31
200,499,94
201,500,87
202,504,53,94,13,34
203,508,59,44,13,25
204,511,16,23
205,513,81,65,69,7
206,515,31,84,17
207,517,77,75
208,519,55,99
209,520,28
210,523,15,9,53
211,526,92
212,529,88,72,75
213,531,77,12,23
214,535,78
215,537,89,56
216,541,93,15,94,62
217,545,66,93,49,63
218,548,95,16,96
219,549,84
220,552,83,60,65,65
221,554,62,66,75,95
222,558,3,2,74
223,561,68,37,14
224,563,16,51,74,83
225,565,42,5,79
226,566,85,90,43,83
227,567,47,61,51
228,571,49,19,78
229,575,97,68
230,576,49,30,68
231,580,11,53
232,583,13,66,68
233,584,12,82,35,4
234,588,4,94
235,592,70,23,85
236,595,32,39
237,597,10,94
238,598,62
239,599,51
240,601,96
241,602,43,70,4,60
242,605,12
243,606,42,36
244,609,49,3,7,50
245,613,43,22,22,81
246,617,86
247,619,12
248,622,91,33,98,87
249,623,54,57,62,58
250,624,33,8,16
251,628,95,45,86,82
252,631,49,92
253,632,85
254,635,56
255,638,35,11
256,639,16,46,43,24
257,642,12
258,645,66,68
259,647,37,50,98,69
260,651,80
261,654,41
262,656,34,19,68,22
263,660,87
264,663,90
265,667,90,82
266,669,47
267,671,70,9
268,673,49,65,67
269,675,12,64
270,678,34,64,48,85
271,681,92,74
272,685,58,56,53,89
273,687,71
274,691,81,96,34,6
275,693,12
276,697,70,75,83,67
277,701,17,1,14
278,704,34
279,707,74
280,708,58,59
281,711,59,29,86
282,714,73,81,36
283,718,99,58
284,720,11,94,72,8
285,722,14,78
286,724,45
287,728,40,66,82,60
288,731,6,67,76
289,735,70,75,5,46
290,736,53,49,84,87
291,738,77
292,739,92,62,78,31
293,743,97,55,12
294,745,93,19,86
295,747,34,46,43,94
296,751,57,83,36,46
297,755,3,4,59
298,756,39,17,96,14
299,760,98,94,83,75
300,761,21,67
301,764,29,93
302,766,74,5,80,56
303,767,13
304,771,41,64,60
305,773,73,99,31
306,776,26
307,778,23,82
308,779,23
309,781,12
310,782,5
311,783,72,67,77
312,787,25,3,98,82
313,791,15
314,794,50,54,49,72
315,796,62,32,80
316,798,60
317,799,87
318,802,22
319,806,65,71
320,807,59,49,52,93
321,811,62
322,814,70,2,1,70
323,818,67,52,64,82
324,819,48,76
325,820,52,80,34,93
326,824,23
327,827,5,96
328,829,98,72,69
329,832,43
330,836,60,10
331,837,54,7,23,17
332,841,39
333,842,53,14
334,846,55,44,59,88
335,849,83,66,96,51
336,850,45,30,35
337,852,17,94
338,856,52
339,860,70,97,36
340,862,70,41,51,89
341,865,76,64,99
342,867,38
343,871,70,76,83,60
344,874,91,11,13,81
345,877,46,1,75,5
346,878,51
347,880,76,73
348,881,32,16,40,86
349,884,14,17,92
350,888,20,39,63
351,890,6,90,87,69
352,894,89,7,5
353,896,81,69
354,897,23
355,900,15
356,902,86,39
357,906,42,49
358,910,14,79
359,914,58,26,58,16
360,917,1,37,68
361,918,36,75,6
362,921,68
363,924,58,80,79,50
364,928,65,20,28,89
365,929,59,41,14,21
366,931,34,19,37,59
367,934,3,36
368,938,20
369,941,24
370,944,8,21,8,57
371,948,11
372,949,65,68,40
373,953,65,63,44,48
374,954,21,43
375,957,58
376,958,77,75
377,962,70,7,43,92
378,964,37
379,965,44
380,966,38
381,967,79,87
382,969,76
383,970,74,48,53,40
384,972,80
385,976,19,55
386,979,42,18
387,982,86
388,985,56,34,86,75
389,989,25,32
390,990,53
391,992,53,59,7,44
392,993,32,3,25,44
393,995,30,31,27
394,998,57,74
395,999,58
396,1002,96,49
397,1004,41,14,67,87
398,1006,18
399,1008,80,58
400,1009,20,5,1
401,1013,75
402,1015,89
403,1019,85,61
404,1023,6,91
405,1027,97,97
406,1028,37
407,1030,92,57
408,1034,44,91,22
409,1037,79
410,1038,56,16,67,83
411,1041,88,55
412,1042,26,8
413,1045,88,39,69
414,1046,78
415,1049,33,72
416,1051,32,99,29
417,1054,59,46
418,1058,55
419,1062,26,88,7
420,1066,24,85,72
421,1069,79
422,1072,84,68,93
423,1076,38,72,73,45
424,1077,70
425,1081,33,81,42,46
426,1084,99,66,31
427,1085,98,66,34,66
428,1088,19,58
429,1092,64,17
430,1095,35,35,5,93
431,1099,41,81
432,1100,74,60,38
433,1102,95,38,51,38
434,1106,51,49
435,1108,36,50
436,1109,6,39,93
437,1111,60,90,85
438,1113,63,57,66
439,1117,46
440,1120,36
441,1124,42
442,1125,68
443,1126,71,84,67,1
444,1128,22,72
445,1132,85,12
446,1135,88,64,80,20
447,1139,34,21,86
448,1141,43,8,35,14
449,1145,24,92,36,50
450,1148,89,80,69
451,1152,66,86,69
452,1153,44
453,1154,31,76,23,4
454,1156,4,50,23,67
455,1159,57,86
456,1163,40,5,77,53
457,1164,83,60
458,1167,93,88,25,92
459,1168,37,49,49
460,1170,53,15,28,14
461,1173,78,27,21
462,1176,84,91,18
463,1177,89,72
464,1178,47,87,14,48
465,1181,26,78,95
466,1184,46,65,36,47
467,1186,78,10,24,73
468,1190,59,17
469,1192,46
470,1194,35,8
471,1198,71,74,28
472,1202,89,16,32
473,1206,63,90,74,47
474,1210,64,31,30,20
475,1213,72,17
476,1216,76,91
477,1219,24
478,1220,64,41
479,1221,52,18,51,51
480,1222,86,6
481,1223,43,25,8
482,1227,79,45
483,1231,30,55
484,1235,98,61
485,1236,23,51,47,91
486,1239,45
487,1242,3,2,59
488,1243,16,15,82
489,1246,61,46,11
490,1247,69
491,1250,55
492,1254,53,91,76
493,1257,33
494,1258,2,73,71,63
495,1260,29,90,64,28
496,1263,23,11,58
497,1267,58,31,47,4
498,1271,81,81,36
499,1272,83,43
500,1276,91,87,96,45
501,1278,14,63,28
502,1279,86,50,30,51
503,1281,43,50,98
504,1283,24
505,1286,87,30,3,25
506,1289,33,50
507,1292,32,65,59,70
508,1293,53,3
509,1297,51
510,1300,81,93,73,48
511,1302,72,93,24,9
512,1304,21
513,1306,90,31,96
514,1309,68,23
515,1310,67,29
516,1312,35
517,1314,54,72
518,1318,81,17,31
519,1320,42,91,49,58
520,1323,43
521,1324,65,46,45
522,1328,14,34
523,1332,96,38,19,80
524,1334,68,8,54
525,1338,98,9,69,45
526,1341,29
527,1342,15
528,1343,10,51,3,64
529,1345,30,74,97
530,1346,26,43
531,1348,60,79,1
532,1350,97,14,81,68
533,1352,12,81,58
534,1354,63,28,66
535,1356,2,37,35
536,1358,79,11
537,1359,20
538,1362,81,94,60
539,1363,48,72,30
540,1366,95
541,1367,70
542,1368,87,42,99
543,1370,59,77,83,44
544,1374,91
545,1378,62,89,8
546,1381,77,37,98
547,1385,61,67,73
548,1386,64,96,45
549,1390,59,69
550,1392,54,7
551,1394,36,21,52,11
552,1396,33,99
553,1399,85
554,1402,15,92,55
555,1406,78,83
556,1407,34,80,43
557,1408,5,63
558,1410,72,75,49
559,1414,88
560,1416,33
561,1420,57,78,82
562,1424,31,25
563,1428,49,9,85
564,1431,2,76,98,11
565,1435,44,8,70
566,1436,21,43,6
567,1438,36,80,65,16
568,1441,14,9,53
569,1442,38,29,78,78
570,1446,29,18
571,1447,51
572,1451,77
573,1454,32,12,93,27
574,1458,68,79,86,15
575,1459,5
576,1463,21,24
577,1465,46,8,25
578,1468,42,72
579,1472,5,32,48
580,1476,72,2,46,56
581,1478,31,28,29
582,1482,85
583,1483,96,78
584,1485,50,43
585,1488,11
586,1489,43,41
587,1490,52,5,53
588,1491,23,7,49
589,1494,7,40,53,68
590,1498,67,56,6
591,1500,76,29,87,23
592,1503,38,16
593,1506,34
594,1509,71,20
595,1510,85,12
596,1511,57,80,33,46
597,1515,85,35,68,99
598,1518,73,70,20
599,1521,54,56,9,62
600,1522,45,46,43,50
601,1525,79,13
602,1527,59,49,24,62
603,1528,82,73
604,1530,90
605,1532,43,11
606,1534,10,47,71,15
607,1537,90,6,72,91
608,1539,72
609,1540,11,3
610,1542,45,95,72,35
611,1544,14
612,1547,54,62
613,1551,81,12
614,1555,99,51
615,1557,74,10,55
616,1560,78,53,53
617,1564,93,78
618,1568,99,88,79
619,1569,38,31,47,96
620,1573,8,19,32,7
621,1577,58,55,17,62
622,1579,39,74,68,88
623,1580,71,67
624,1584,24,97,64,40
625,1585,83,7,33
626,1589,15,32,90,13
627,1590,62
628,1593,10,23,77
629,1595,69,46
630,1599,41,69,11
631,1600,56,12,2,69
632,1603,92,96
633,1606,85
634,1608,28,55,23,32
635,1611,54,35,81,19
636,1614,68,34
637,1617,71,7,47,88
638,1618,36
639,1619,61,50,22
640,1620,47,74,22
641,1624,1
642,1628,63,36
643,1630,32,69,73,41
644,1634,23,86,46
645,1635,23,72,76,16
646,1638,50,10,97,36
647,1641,5,75
648,1644,54
649,1647,89,94,10,63
650,1648,56,85,11,42
651,1650,79,90,39
652,1653,5,83
653,1657,33,49,34
654,1659,6,6,52
655,1660,40,16,32
656,1661,37,37,72
657,1664,51
658,1666,98
659,1670,9
660,1672,8,30,80,54
661,1674,14
662,1675,38
663,1676,84
664,1679,48,64,49
665,1683,53,84
666,1686,71,17,14
667,1687,68,81,67,55
668,1691,14,18
669,1695,62,56,50
670,1698,59,66,58,76
671,1701,2,85,22,5
672,1705,87,99,1
673,1707,64,84,60,36
674,1710,92,52,83,89
675,1712,18,84,48
676,1715,54,52,96,72
677,1719,76,68,59,18
678,1721,66,95,93
679,1722,66,61,40,44
680,1724,3,71,41,29
681,1728,41
682,1731,52,28,61,58
683,1732,28,42
684,1735,93
685,1737,12
686,1741,49,18,99,72
687,1742,81
688,1744,76,96,78,28
689,1746,79
690,1749,37,87,41
691,1750,40,94,93,20
692,1751,6
693,1753,50
694,1755,86
695,1757,52
696,1760,92,94,10,34
697,1761,4,28,2,87
698,1764,2,28,56
699,1768,74
700,1772,54
701,1774,24,75,22,67
702,1776,27,82,63
703,1777,13,61,58
704,1780,31,44
705,1783,22,30
706,1785,14,94,50,68
707,1789,24,26
708,1790,2,52,17,79
709,1791,9
710,1793,65,86,58
711,1797,63,33
712,1801,88,53,87
713,1805,13
714,1809,20,76,98
715,1811,29,23
716,1814,6,27,58,94
717,1816,44,14,96,15
718,1820,73,38,85,18
719,1821,98,17,48
720,1825,93
721,1829,96,31,66,19
722,1833,61
723,1835,25,82,88,72
724,1838,13,74,21,49
725,1839,20,98,16
726,1843,99,94
727,1846,88,13,51
728,1850,21,68,57,39
729,1852,46,41,1,46
730,1854,62,54
731,1855,12,78,15,36
732,1856,37,24,19,91
733,1858,66,99
734,1862,45,87,14,47
735,1865,65,95
736,1868,41,59,8
737,1870,11,99,56
738,1873,52,44
739,1877,31,47,56
740,1879,85,97,25,35
741,1882,8,97,25,16
742,1883,44,40
743,1884,64,46,37
744,1888,75,95
745,1890,39
746,1894,32,21,15
747,1896,23,13,86,83
748,1897,39,24
749,1901,49,53,53
750,1903,24,69
751,1907,76
752,1909,48,3,86
753,1912,30,97,18,50
754,1914,79
755,1917,86,11
756,1918,63,29,39,17
757,1921,13
758,1922,86,40,10
759,1923,79,78
760,1926,47,10,63,91
761,1927,84
762,1931,78
763,1934,67,77
764,1938,56,2,72
765,1940,14,85,78,44
766,1942,88
767,1945,93,36,56
768,1948,27
769,1950,50,26,97,93
770,1954,66,42
771,1956,37
772,1960,9,76,76,48
773,1961,62,52
774,1963,79,9
775,1964,20,57,22
776,1965,96,74,71,33
777,1969,52,94
778,1972,71
779,1975,65,58
780,1976,62,98
781,1979,83,80
782,1982,34,67
783,1984,92,80,5
784,1988,4,12,92,95
785,1990,31,15
786,1993,49,8
787,1995,97,93,55
788,1997,67,13,55,45
789,1998,28,83,87
790,2002,45,93,1
791,2004,23,58,7
792,2005,83
793,2009,77
794,2011,3,6,41,98
795,2015,64,11
796,2016,36,13,42
797,2020,36,76,92
798,2021,29
799,2022,77
800,2024,24,39
801,2026,59,57,47
802,2027,13,22,65,60
803,2028,97,46,1,19
804,2032,82,26,50,6
805,2035,72
806,2037,23,10,84
807,2040,83,70,72
808,2042,81,2,95
809,2044,57,62
810,2046,90,32,69
811,2047,73,1,12
812,2049,40,54
813,2053,94,34,62,38
814,2055,48,18,39,90
815,2058,41,87,3
816,2061,93
817,2063,83,19,3
818,2064,80
819,2065,59,88,74,52
820,2066,27
821,2067,36,10,11,25
822,2070,82,27
823,2071,89,42,68,32
824,2074,58,70
825,2077,23,94
826,2080,57,94,56
827,2081,56,46
828,2082,49
829,2083,79
830,2084,19
831,2087,39,27
832,2090,90,3,56
833,2093,26,7,35
834,2094,17,21,34,76
835,2095,90,20
836,2096,43,55,31
837,2100,77
838,2103,33
839,2104,48,47,82,79
840,2108,57,66,79,38
841,2110,27,38,81,25
842,2111,75,62,92,83
843,2114,12,98,41,76
844,2116,15,3,16,14
845,2118,11
846,2121,40
847,2123,47,22,86,54
848,2127,85
849,2128,80,61
850,2129,6,43,39,25
851,2133,32,84,92,17
852,2134,25,84,47,21
853,2136,11
854,2139,31,40,43,82
855,2140,38,36,67,5
856,2141,21
857,2143,21,94
858,2147,45
859,2148,37,66,13
860,2150,15
861,2153,79,48,60
862,2155,6
863,2157,6,36,8
864,2161,20
865,2165,30,49,88
866,2169,94,91,72,87
867,2171,6,30,29
868,2173,69,51,87
869,2176,13
870,2180,95,24,15,30
871,2183,92,60,10
872,2187,78,31,18
873,2190,63,89,17,32
874,2191,38
875,2195,11,69,94
876,2197,50,88,1,57
877,2198,11
878,2200,3,29,85,98
879,2204,61,18
880,2207,52,76,51,88
881,2209,16,41,6
882,2212,19
883,2215,69,21
884,2217,20,3,48
885,2220,98,64
886,2224,7,52
887,2227,70,93,61
888,2231,3
889,2233,36
890,2236,92,94,68,64
891,2237,34,93
892,2238,44,12,52,12
893,2239,37,12,84
894,2240,24,83,31
895,2244,2,38,80
896,2247,44,58,33
897,2251,84,80
898,2253,8,41,92
899,2254,92,20,24,42
900,2258,68,14,5,18
901,2261,23
902,2262,37
903,2266,88,86
904,2268,28
905,2270,55,58
906,2271,27,72,21,1
907,2275,21,6,70
908,2278,21
909,2279,21,46
910,2280,5
911,2281,55,37
912,2282,99,82,34,68
913,2283,41
914,2286,23,70,69
915,2289,84,16,59,90
916,2293,22,44
917,2296,51,66,65
918,2297,54,69,49,71
919,2298,78,56
920,2301,72,60,23,19
921,2303,28,19,23,83
922,2305,6
923,2306,28,3,79,49
924,2308,32,22
925,2312,47
926,2315,10,49
927,2319,33,15,98
928,2321,38,16,83,78
929,2325,88,32,43
930,2328,16,59,39,36
931,2330,88,68,46
932,2333,42,3,61,19
933,2337,78,28
934,2338,24,23,80,23
935,2339,14,83
936,2340,97,38,94,93
937,2342,40,61
938,2344,48,81,36
939,2345,8,3
940,2349,10
941,2353,50,41,57,86
942,2356,94
943,2360,63
944,2363,45,5,29
945,2366,52,69,22,34
946,2368,35,35,87,77
947,2369,33,3,33
948,2371,72,24
949,2375,87,36,25,74
950,2378,24,44
951,2379,7,21,47,33
952,2383,65,63,5
953,2384,32,49
954,2386,13,18,30,52
955,2389,91,46,24,98
956,2392,94,67
957,2393,22
958,2394,30,69,42
959,2397,3,9
960,2398,7,43,46,52
961,2399,24,1
962,2401,43
963,2402,49,73,19
964,2404,8,4,21
965,2407,51,67,57
966,2410,81,79,58
967,2411,41
968,2413,58,83,20,67
969,2417,23
970,2419,61,13
971,2421,66,19,83,4
972,2423,40,9,66,42
973,2426,49
974,2430,99,52,61
975,2434,21,18,40
976,2436,63,13,48
977,2439,94,20,49
978,2443,70,38
979,2446,25,58,11,75
980,2450,81
981,2452,39
982,2453,9,57
983,2456,11,37,86
984,2457,50,34,44,92
985,2458,66,95,47,31
986,2461,66
987,2462,11,91,14,11
988,2464,22
989,2468,77
990,2470,94,17,10,13
991,2473,45,14,93,11
992,2474,63,1,92
993,2478,46,52,53,70
994,2480,51,85,96,30
995,2481,97,28
996,2483,33,46
997,2486,54,75,53
998,2490,69,11,89,44
999,2491,54
1000,2492,7,27
1001,2496,49,53
1002,2499,17,59,19
1003,2502,10,42,93,3
1004,2505,73,22,91
1005,2509,45,8,63,68
1006,2510,36,25
1007,2512,26,91
1008,2516,87,17
1009,2520,53,1,51,87
1010,2521,3,36
1011,2522,46,22
1012,2525,95,53,98
1013,2527,80,35,10,29
1014,2530,42,87,4,3
1015,2533,6
1016,2535,67,79,7,69
1017,2538,35,53
1018,2542,87,96,30,61
1019,2543,28,39
1020,2545,62,28,27
1021,2546,23,90,98,71
1022,2549,9
1023,2552,54,79,11,36
1024,2554,16,81,54,71
1025,2555,18
1026,2558,94
1027,2562,15
1028,2563,8,57,91
1029,2567,30,13,77
1030,2569,66
1031,2573,34,93
1032,2575,58
1033,2576,91,34,73
1034,2577,86,19
1035,2578,52,18,20,67
1036,2582,20,38,53,14
1037,2584,81,18,79,24
1038,2585,24,2,61
1039,2587,76,15,2,50
1040,2590,10,17
1041,2594,39,7,70,57
1042,2597,74
1043,2600,58,40,37
1044,2601,88,97
1045,2603,33,68
1046,2607,94,82
1047,2608,5
1048,2611,20,76,5,68
1049,2613,67,10
1050,2614,97,95
1051,2615,21,48,95,30
1052,2619,37
1053,2621,79
1054,2622,80,10,96,54
1055,2626,20,38,84,18
1056,2628,60,15,61
1057,2632,28
1058,2634,46,5,41
1059,2636,10,34,85
1060,2640,44
1061,2644,8
1062,2646,39,49
1063,2650,70
1064,2651,85,13
1065,2655,86
1066,2658,53,82
1067,2659,66,52,13,9
1068,2661,37,14,88,72
1069,2663,95,37,47,73
1070,2665,40,3,20
1071,2669,56,89
1072,2672,2,20,29
1073,2675,30,98,23,8
1074,2678,42
1075,2682,23,73
1076,2686,65,29
1077,2690,8,61
1078,2693,90,6,36,89
1079,2696,61,74,37
1080,2698,17,46,81
1081,2701,54,42,26
1082,2704,68
1083,2707,94,53,25,50
1084,2711,89,39
1085,2714,36,89,58,8
1086,2718,1
1087,2720,10
1088,2722,43,15
1089,2725,34,36,9
1090,2728,56,37,61,21
1091,2730,31,74,21,34
1092,2733,91,83,51,36
1093,2735,75,76,70
1094,2736,93,76,55
1095,2740,85
1096,2741,4,62,39
1097,2742,72,12
1098,2744,86,79
1099,2746,13,43,24,70
1100,2750,38
1101,2754,83
1102,2755,17
1103,2758,37,88,36,21
1104,2761,11,72,62
1105,2765,22
1106,2766,11,94
1107,2767,33,8,39,47
1108,2770,21,69,87
1109,2771,65
1110,2772,44,74,68,81
1111,2775,80,82
1112,2778,44
1113,2779,65
1114,2780,9
1115,2784,35,25,85,45
1116,2788,83,6,54,67
1117,2789,53
1118,2790,92,76
1119,2794,63
1120,2797,14
1121,2801,98,42,13
1122,2804,42,28,6
1123,2807,96
1124,2810,22,24
1125,2812,80,49
1126,2814,56
1127,2818,62,47,74
1128,2819,61
1129,2823,22,78,54,39
1130,2826,53
1131,2828,53,81,75,14
1132,2831,70
1133,2834,84
1134,2838,51,35
1135,2841,83,71,15,32
1136,2842,45,33,32
1137,2843,21,11
1138,2847,96,55,30
1139,2848,15
1140,2849,93
1141,2851,79,40,52
1142,2852,17,22
1143,2856,38,35
1144,2859,17,37
1145,2862,78
1146,2865,79,32
1147,2867,8
1148,2868,17,41,6,42
1149,2870,27,74
1150,2873,73,70
1151,2876,29
1152,2880,91
1153,2882,69
1154,2883,67,11,94,59
1155,2886,26
1156,2887,16,43,4
1157,2888,31,91,52
1158,2892,29,84,31
1159,2894,86,99,70,69
1160,2897,91,50,24
1161,2899,31,25,34,29
1162,2903,60
1163,2906,90
1164,2908,27
1165,2909,88,43,32
1166,2913,69
1167,2914,86,78,25,63
1168,2915,89
1169,2918,54
1170,2920,20,67
1171,2922,70
1172,2923,27,95,16
1173,2925,39,54,74,25
1174,2928,68,55
1175,2931,24,96,67
1176,2935,99
1177,2937,58,59,78,42
1178,2941,15,8,80,36
1179,2943,46,67,57
1180,2945,97,76,33
1181,2946,7,10
1182,2949,45,12,42
1183,2951,84
1184,2952,90,64,40
1185,2955,33,58
1186,2958,26,33
1187,2960,5
1188,2961,52,18
1189,2965,13,13,2
1190,2967,57,1,88
1191,2970,74,49,86
1192,2974,56
1193,2975,92,39,79
1194,2976,75,30,28,29
1195,2980,85,97,77
1196,2981,30,50
1197,2985,76,23,74,56
1198,2986,18
1199,2989,80,20,91
1200,2993,60,80,85,50
1201,2995,45,95
1202,2997,1,80,96,93
1203,2999,14,91,69,98
1204,3001,71,38,36
1205,3004,53,32,14
1206,3006,84
1207,3007,78,63
1208,3009,54
1209,3010,34,5,55,45
1210,3014,78
1211,3016,71,24,7
1212,3019,68
1213,3023,4,61,69,60
1214,3026,71,32,48
1215,3027,41
1216,3028,54,26,91,94
1217,3030,77,4,84
1218,3032,6
1219,3036,16,13,56,54
1220,3037,54,96,71,42
1221,3041,49
1222,3045,78,9
1223,3047,7,12
1224,3049,13,37
1225,3053,28,59,16
1226,3056,41,22
1227,3058,96,9,45
1228,3059,67,17,41
1229,3062,13,19,26,69
1230,3064,6
1231,3067,45,40,50
1232,3068,18,54,85
1233,3071,85
1234,3073,9,89
1235,3076,96,19
1236,3079,6,45,24,57
1237,3080,95,35
1238,3083,13,43
1239,3087,69,44,65,65
1240,3089,74,85,73
1241,3092,56
1242,3093,58
1243,3095,5,93
1244,3099,47,95
1245,3100,48,79,87
1246,3101,76
1247,3102,32,75,15
1248,3106,14,47,1
1249,3110,13
1250,3112,19
1251,3116,47
1252,3119,27,62,19
1253,3121,52,68,77
1254,3124,30,86
1255,3127,53,32
1256,3131,9,18,25,7
1257,3134,91,12,61
1258,3138,77,96,96,81
1259,3140,88,37,90,90
1260,3142,19,46
1261,3145,60,3,47
1262,3147,41,51,66
1263,3151,45,46,77,7
1264,3152,84,53,41,48
1265,3156,64,67
1266,3159,13
1267,3160,14
1268,3163,83,74
1269,3166,67,58
1270,3170,55
1271,3171,99
1272,3172,14
1273,3176,75
1274,3179,39,95,44,22
1275,3180,19,18,95,59
1276,3181,82,46,50
1277,3184,62
1278,3188,87
1279,3192,40,53,28,22
1280,3195,22,19,24,80
1281,3197,55,79,33,25
1282,3198,81
1283,3202,83,5
1284,3206,90,41,93,78
1285,3209,73,52,60,93
1286,3210,18,78,10,13
1287,3213,63
1288,3214,12,30,32,26
1289,3215,94
1290,3217,1
1291,3221,75,92
1292,3222,48
1293,3224,38,32,97
1294,3225,42,51
1295,3229,49
1296,3232,91
1297,3235,44
1298,3238,45,99
1299,3240,77,87
1300,3241,86,11,67
1301,3244,34
1302,3245,72,29,96
1303,3248,7
1304,3252,88
1305,3254,13,93,4,41
1306,3258,4
1307,3259,24,35,21
1308,3263,32
1309,3264,61,87,93,47
1310,3267,92,74,45
1311,3269,16,38,66,16
1312,3272,24
1313,3276,96,2
1314,3277,76,7,56,9
1315,3280,35,16,75
1316,3283,80
1317,3284,59,39
1318,3287,34,96,57
1319,3289,28,24,75,44
1320,3290,55,41,54
1321,3293,3,33
1322,3294,90,60
1323,3295,83,23,48
1324,3296,31,68,9
1325,3298,51,78,26,27
1326,3299,77,76
1327,3303,39
1328,3304,74,45,73
1329,3306,42,18,17
1330,3308,6
1331,3310,16,22
1332,3313,33,23,10
1333,3314,27,20,1,30
1334,3317,61,83,42,22
1335,3320,22,70,65,72
1336,3322,84,51
1337,3326,57
1338,3329,73,65,91,22
1339,3332,77
1340,3336,24,51
1341,3338,95
1342,3342,80
1343,3343,84,30,30,37
1344,3344,53,30,51
1345,3345,83,68,86
1346,3348,76,60
1347,3350,13,81,98
1348,3354,42,51,27,91
1349,3358,17,66
1350,3360,33,58
1351,3361,87
1352,3362,92,6
1353,3365,89,18
1354,3369,52,76,94,64
1355,3373,20
1356,3374,40,17,75
1357,3375,86,43,65,83
1358,3378,13,94,1,71
1359,3381,20,10,17
1360,3383,66,30,50
1361,3385,59,25,85,94
1362,3388,70,82,9,47
1363,3392,95,99,86,38
1364,3395,89,55,99,51
1365,3399,12,32,19
1366,3400,57,63,22
1367,3402,54,28,45
1368,3405,68,23
1369,3409,98
1370,3413,95,55,17,16
1371,3416,1,43,17,88
1372,3417,61
1373,3421,47,65
1374,3425,1,66
1375,3428,23,51,97,12
1376,3430,93,33,98,26
1377,3433,6,18,99
1378,3436,5
1379,3437,51,45,87,28
1380,3438,53,3,67
1381,3439,57,84,31
1382,3440,28
1383,3444,63,75,45,35
1384,3447,29,77
1385,3451,75,9,3
1386,3454,76,18
1387,3457,81,57
1388,3458,38,89,45
1389,3460,48
1390,3462,84
1391,3463,65,47,77
1392,3467,50,73,77,13
1393,3470,98
1394,3473,7
1395,3475,13,86,46,13
1396,3479,46,47,81,30
1397,3481,2,60
1398,3482,55,38,19
1399,3485,81
1400,3486,10
1401,3488,25,88
1402,3490,73,85
1403,3492,28,28,44
1404,3493,98
1405,3496,74,27
1406,3499,79,88
1407,3502,53,39
1408,3506,63,62,29
1409,3507,85,3,65
1410,3508,30,63,41
1411,3511,58,12
1412,3512,65,31,17
1413,3514,73,57
1414,3518,25
1415,3522,52,82,37
1416,3523,13,17,21,79
1417,3526,99,86,83,51
1418,3529,65,16
1419,3531,94,53,89,59
1420,3534,1
1421,3537,25,87,90,42
1422,3541,2,17,79,24
1423,3542,54,19
1424,3544,83,37
1425,3548,54
1426,3552,18,87,83,36
1427,3555,5
1428,3558,54,98,16
1429,3560,88,84,14,58
1430,3563,96
1431,3565,39,83,39,17
1432,3568,14,48
1433,3572,19,18,95,90
1434,3573,89,54
1435,3577,3
1436,3579,20
1437,3581,42,51,95
1438,3582,96
1439,3585,86,92,85
1440,3588,68
1441,3589,95
1442,3592,73,74,93,8
1443,3593,78,91,59
1444,3594,6
1445,3596,71,43,45
1446,3598,23,60
1447,3602,25
1448,3603,17,61
1449,3604,91,90,62,26
1450,3607,1,49,39,96
1451,3610,3,18,5
1452,3611,98,4,54,83
1453,3615,8,99,76,47
1454,3616,35,49,51
1455,3617,52,21
1456,3618,48,28
1457,3620,53
1458,3622,32,15
1459,3624,38
1460,3625,85,56,18
1461,3628,91,77,46,2
1462,3632,27,60,38
1463,3635,69,91,43,14
1464,3638,53
1465,3642,12
1466,3646,47
1467,3650,93,95,88,15
1468,3654,32,63,87
1469,3656,80,51,37
1470,3658,9,62
1471,3660,81,18,78
1472,3663,19
1473,3665,39,15,48
1474,3666,40,10
1475,3668,8,82,63,98
1476,3670,97
1477,3674,54,2,22
1478,3675,86
1479,3679,93
1480,3683,15
1481,3687,43
1482,3689,16,85
1483,3692,49,26,81,65
1484,3694,7
1485,3695,25,33,1,41
1486,3698,39
1487,3700,4,39
1488,3701,13,77
1489,3704,78,6,65
1490,3707,26,91
1491,3711,61,14,23,79
1492,3714,18
1493,3715,53,17
1494,3718,99,4
1495,3720,9
1496,3724,65,28,92,74
1497,3727,36,36
1498,3731,25,23
1499,3733,69,14
1500,3735,87,43,23
1501,3739,36
1502,3740,88
1503,3744,75
1504,3747,18,88,24,59
1505,3751,92,11,21
1506,3753,95,94
1507,3756,72,79,1,1
1508,3759,17,84,49
1509,3760,43,3,48
1510,3762,51
1511,3764,89,46
1512,3765,64,45,42
1513,3767,94,94
1514,3770,68
1515,3774,6,44,93
1516,3778,51,28,24,71
1517,3779,77
1518,3782,85,38,96,98
1519,3786,98,9
1520,3787,55,63,66,59
1521,3789,94,91,70
1522,3791,57,39
1523,3794,21
1524,3798,98,15,40,55
1525,3800,28,9,38
1526,3803,8,36,51,15
1527,3807,56,52
1528,3809,17,25
1529,3812,45,8,48
1530,3814,84,16
1531,3817,82,96,61,33
1532,3819,93,6,91
1533,3821,52,38
1534,3825,7,96,30
1535,3827,21,79,67,7
1536,3831,17
1537,3833,46
1538,3835,3
1539,3838,72,98,86,50
1540,3841,60,70,22,69
1541,3843,78,81,93,43
1542,3845,24,69
1543,3849,18,95,76,18
1544,3851,64
1545,3853,49
1546,3856,60,65,46
1547,3857,36,14
1548,3859,82
1549,3862,18,94,35
1550,3863,88,89,76,42
1551,3865,74,30,98
1552,3869,96,87,90
1553,3871,41,36,46
1554,3874,98,79,98
1555,3877,6,2,6,32
1556,3878,2,85
1557,3882,40,85,14
1558,3886,26,57,61,61
1559,3887,6,6
1560,3890,93
1561,3891,25,85,82
1562,3892,60,1,35,95
1563,3895,57,69,9,20
1564,3896,68,62,27,20
1565,3897,86
1566,3899,67
1567,3901,33
1568,3904,6
1569,3907,19,57,83
1570,3910,89
1571,3911,98
1572,3912,45,51,60,76
1573,3914,42
1574,3915,60,23,69
1575,3918,53,83
1576,3921,90,1
1577,3922,20,32
1578,3926,45
1579,3930,41,96,58,10
1580,3934,34,21
1581,3936,80
1582,3938,61,7,52
1583,3940,23,55,3
1584,3942,89,48,50,93
1585,3944,55,29
1586,3945,72
1587,3947,59,87
1588,3950,38,82,22
1589,3953,67
1590,3955,48,11
1591,3959,7,80,70
1592,3962,43
1593,3963,45,70,61,74
1594,3967,36,73,38,51
1595,3971,69
1596,3973,46,47,53,57
1597,3974,9,97,35,21
1598,3978,64,5,43,46
1599,3980,80,56
1600,3981,88
1601,3985,93
1602,3988,67,44,24
1603,3991,92,52,68,44
1604,3992,62,3
1605,3993,53,64,56
1606,3994,65,98
1607,3997,7,66,1,86
1608,3999,7
1609,4000,77,10,15
1610,4003,96,66,95
1611,4004,25
1612,4008,21,67,57,77
1613,4010,21
1614,4011,66,66,99,72
1615,4013,24,66,50
1616,4015,41,11,67
1617,4017,67,32,49,36
1618,4019,11,43,89,31
1619,4022,11,46
1620,4025,4,7,58
1621,4029,2,74
1622,4031,81,8
1623,4035,2
1624,4036,88,48,47,27
1625,4039,85,44,25
1626,4042,85,48,6
1627,4043,72,29,55
1628,4047,33
1629,4049,29,70,94
1630,4051,20,79
1631,4052,72,79
1632,4056,14,95,7
1633,4058,99
1634,4059,3,38,2
1635,4061,23,49,43
1636,4064,11,79,22,54
1637,4068,88,63,63,1
1638,4072,12,4
1639,4073,52,72,9,11
1640,4074,78,95
1641,4075,27,9
1642,4078,23,48,43,11
1643,4081,26,69,39
1644,4084,96,57,80
1645,4087,91
1646,4090,26,34,2,54
1647,4092,76
1648,4096,19,32
1649,4099,66,64,1,13
1650,4102,91
1651,4106,57,37
1652,4110,52
1653,4111,61,54,98
1654,4114,85,42
1655,4118,49,30,47
1656,4120,80
1657,4121,95
1658,4123,28,96
1659,4125,13,81
1660,4126,29
1661,4128,37,37
1662,4131,44
1663,4133,82
1664,4137,20
1665,4141,88,15,42
1666,4142,94,29,77,65
1667,4146,92,85,84,9
1668,4150,95,3
1669,4151,17,17,8,59
1670,4154,50
1671,4156,38
1672,4158,78,43
1673,4160,6,38,44,14
1674,4164,24,59,15
1675,4168,70,22
1676,4171,91,11
1677,4175,26
1678,4179,59,51,86,43
1679,4180,93,14
1680,4184,13,80
1681,4185,62,74,71,45
1682,4187,40
1683,4188,37,91,36
1684,4189,9,2,48,24
1685,4190,31,7,11
1686,4192,44,69
1687,4196,41,47
1688,4199,77
1689,4203,85,56,15
1690,4204,14,99,36,7
1691,4205,79,97
1692,4207,34,82
1693,4210,21
1694,4212,90
1695,4214,99,47,32
1696,4218,58,69
1697,4220,90,31
1698,4223,27,79,62,69
1699,4227,53,33,59
1700,4231,77,49,13
1701,4233,82,47
1702,4237,70
1703,4239,84
1704,4243,22
1705,4245,9,73,54
1706,4247,47,9,38,82
1707,4249,44
1708,4253,90,24,59,32
1709,4256,29,69,53
1710,4258,2,72,55,41
1711,4261,25,55,4,52
1712,4264,56,56
1713,4268,97
1714,4269,76,75,48
1715,4273,84,13,88
1716,4275,50,68
1717,4279,56,56,88
1718,4282,64,86
1719,4286,62,4,70
1720,4289,16,33,13
1721,4290,59
1722,4294,44
1723,4298,99,78,57
1724,4299,54,38,98,93
1725,4302,56
1726,4304,98,93
1727,4307,48,5,88
1728,4308,69,83,84
1729,4312,82,25,55
1730,4315,63,54
1731,4318,38
1732,4322,6,7
1733,4326,37
1734,4327,56,51
1735,4330,80,64
1736,4332,10,81,83,12
1737,4333,18,10
1738,4337,9,44
1739,4339,42,66,93,87
1740,4343,42
1741,4347,10,32
1742,4348,32
1743,4352,16,57,84,30
1744,4354,44,86,91,65
1745,4355,74,42
1746,4359,73,45,76
1747,4363,22,13
1748,4367,3,5,74
1749,4368,21
1750,4372,61
1751,4374,35,56,89
1752,4377,49,33
1753,4380,21
1754,4384,15
1755,4387,27,10
1756,4388,77
1757,4389,29
1758,4390,90
1759,4391,3
1760,4394,50,78,35,48
1761,4397,37,17,57
1762,4401,49,42
1763,4403,63,67,87,95
1764,4404,83,99
1765,4405,57,98,23,32
1766,4409,5,67,90,27
1767,4413,86,25,70,1
1768,4417,62,3,21
1769,4419,41
1770,4423,95,84,75
1771,4426,60,64,28,35
1772,4427,91,36
1773,4431,78,35,49,98
1774,4432,27
1775,4433,52
1776,4435,41
1777,4436,6
1778,4440,67,99
1779,4442,33,84,55,38
1780,4443,5
1781,4444,74,72,1
1782,4446,4,73,7
1783,4449,85,43,51,91
1784,4452,38,39,80
1785,4455,58,22,45
1786,4456,16
1787,4458,2,78,18,38
1788,4460,77,14
1789,4462,4,49,49,37
1790,4464,35,38,11,35
1791,4466,29,47
1792,4468,55,95
1793,4469,94,65,80
1794,4472,16
1795,4475,9,33,47
1796,4478,35,1,49
1797,4479,78,52,56,88
1798,4480,27,31
1799,4482,48,88
1800,4484,8,57,21,4
1801,4488,59,1,37,8
1802,4492,19,92
1803,4495,83,1,94
1804,4498,94,29
1805,4499,44,67,50,72
1806,4500,26,47,81
1807,4504,69
1808,4507,25,7,55
1809,4510,97,88,84,39
1810,4513,69,77,82
1811,4514,34,74,40
1812,4517,1
1813,4518,72
1814,4522,50,51,83
1815,4524,11
1816,4526,86
1817,4527,15,31,75
1818,4528,28,53,33,40
1819,4529,24,62,71,13
1820,4530,19,79,21,57
1821,4533,30,11,91,3
1822,4535,18,47,98
1823,4538,67
1824,4539,19,13
1825,4541,54,29
1826,4543,19
1827,4544,1,45,5,78
1828,4546,76,28,60
1829,4548,25,12,27,64
1830,4549,79,71,19,16
1831,4550,82,73,93
1832,4552,54,96,12
1833,4554,33,86
1834,4557,98,10,29,3
1835,4559,12,79,90
1836,4560,72
1837,4564,2,64,5
1838,4566,83,57,10
1839,4567,85,14
1840,4570,58,68,18,33
1841,4574,42,27,57
1842,4578,19,47,33,57
1843,4579,67,57,96
1844,4580,69
1845,4584,71,2,78
1846,4586,81,80,15
1847,4590,76,83,36
1848,4594,1,46,53,20
1849,4596,83,11,46,98
1850,4597,87,78,96,12
1851,4599,35,76
1852,4602,25,65
1853,4606,99,32
1854,4609,9,20,88,5
1855,4610,74
1856,4614,38,88
1857,4617,64,78
1858,4620,15,43
1859,4622,55,78,48,52
1860,4623,66,15,8,13
1861,4624,32,17,70
1862,4626,6,25,33,12
1863,4627,38
1864,4629,93,35,30,72
1865,4633,36
1866,4636,3
1867,4637,20
1868,4638,84
1869,4642,17
1870,4645,82,58
1871,4647,99,73
1872,4651,52,68
1873,4652,74,94
1874,4656,36,14,18
1875,4659,82,25,44
1876,4663,83
1877,4665,54,96
1878,4668,42,55
1879,4672,78,93
1880,4674,86,70
1881,4676,72
1882,4680,48,91
1883,4682,7,7
1884,4683,67,68,65
1885,4686,38,48
1886,4687,15,62
1887,4690,58
1888,4691,32
1889,4694,97,99
1890,4695,30,96
1891,4699,45
1892,4702,6,54
1893,4703,85,88
1894,4705,68,40,63,22
1895,4708,12,37,11,57
1896,4712,55,58,38
1897,4713,97,18,45,41
1898,4714,91,97
1899,4717,22
1900,4718,74,11
1901,4722,52,51,95,87
1902,4724,9
1903,4725,91,26,90
1904,4728,89
1905,4731,14,40,59,80
1906,4733,26,39
1907,4735,56,66,82
1908,4739,94
1909,4743,22
1910,4745,65
1911,4747,10,11
1912,4748,96,24,67
1913,4751,90,46
1914,4755,62,63
1915,4756,24
1916,4758,98,94
1917,4762,97,83,17
1918,4766,32
1919,4769,8
1920,4772,3
1921,4774,52,56
1922,4778,30,83,42
1923,4779,3,79
1924,4782,99,20,44
1925,4783,2,27
1926,4785,69
1927,4786,7,8
1928,4787,50,75
1929,4791,82,24,31,42
1930,4792,83,90
1931,4794,34,68
1932,4795,46
1933,4796,30,15
1934,4799,3,20,28,27
1935,4803,51,9
1936,4805,82,75,41
1937,4807,80,56
1938,4810,93
1939,4813,72,48,78,57
1940,4816,72,88
1941,4818,30,95,96,92
1942,4820,66,2
1943,4824,76,25
1944,4826,62,17
1945,4828,84,14,18
1946,4832,28,46
1947,4834,38,62
1948,4836,75
1949,4837,25,6
1950,4838,75,46,40
1951,4839,87,23,58
1952,4842,6
1953,4846,79,89
1954,4848,75,93,85
1955,4850,52,17,27,6
1956,4851,40,81
1957,4852,58
1958,4855,56,21,76,13
1959,4857,18,62
1960,4861,81,29
1961,4864,92
1962,4865,84,79,69
1963,4868,47,68
1964,4869,79,68,48
1965,4872,38,79
1966,4876,98,5
1967,4879,35,93,56,13
1968,4880,71,94,73,26
1969,4883,6,52
1970,4885,87
1971,4886,11
1972,4888,56,44,23,45
1973,4889,82
1974,4893,84,90,50,60
1975,4897,97
1976,4900,2,52
1977,4902,51,26,97
1978,4905,81,20,66,13
1979,4907,27,11,49,52
1980,4910,97,81
1981,4914,45
1982,4917,28,34
1983,4921,33,14
1984,4922,59,8,67
1985,4926,24,89,56,31
1986,4927,37
1987,4928,41,51,59,92
1988,4931,56,26,67
1989,4935,74,82
1990,4936,90,19,55,7
1991,4938,1,33,63,57
1992,4940,54,38,87,40
1993,4943,10
1994,4944,38
1995,4947,20,94,66,49
1996,4951,77,66
1997,4955,52,21,17
1998,4958,81,81,43
1999,4961,27,89
