0,3,90,18,68
1,5,31,12,21
2,9,59,18
3,12,88,91,8,65
4,14,77,45,22
5,15,46
6,16,61,37
7,17,59,27
8,18,76,55
9,22,76
10,24,8,94,12
11,25,61
12,26,48
13,29,77,93,59
14,33,4,75,73
15,35,76
16,38,69,94,28
17,41,8
18,43,92,59,50
19,47,83
20,51,84,97,58
21,55,73,5,28,40
22,57,74,54
23,60,65,93,97
24,63,80,50,89,93
25,66,17,73,82
26,69,67,9
27,70,49,57,72,90
28,71,39,49,88,99
29,72,2
30,74,88
31,77,59,5
32,78,14,45
33,81,33,49,57
34,82,3,71
35,86,39
36,89,10,91,63
37,91,40,20
38,95,77,2,25,92
39,98,36
40,100,28,55,90,12
41,103,64
42,106,21
43,107,94
44,111,28,39,76,47
45,112,35
46,113,52,30
47,115,88,93,37,48
48,119,31,38
49,120,5,21
50,124,93
51,125,80,3
52,126,67,96,27,64
53,129,3,90,60,16
54,133,28,93,90,65
55,137,12,22,7
56,139,20,51,4,97
57,141,65,13,45
58,142,57,76,4,46
59,144,27,9
60,146,71,89
61,150,75
62,151,87,42,74
63,153,70,10,6,48
64,154,64
65,158,44,93,41
66,161,76,71
67,165,74,52,60
68,166,99,77
69,168,93,68
70,171,14
71,172,54
72,175,54,84,34,17
73,178,62
74,179,54,12,6,64
75,183,62
76,187,23,87
77,190,24,89,98,87
78,191,38,34,46
79,192,22
80,193,61
81,195,82,76,6
82,199,30,2,53,26
83,200,88,91,3,26
84,203,53
85,204,23,76,98
86,206,59,34,56,59
87,209,9
88,210,39,97,78
89,213,74,21,81,16
90,214,52,94
91,215,11,69,21,89
92,217,30,44,52,22
93,220,3,70,73
94,223,46,97,44
95,227,31,43,45
96,229,48,50,34
97,230,10
98,232,48,21
99,236,36,37,2
100,238,63,84,92,3
101,240,66,14
102,244,12
103,248,1,50,44,17
104,250,84,26
105,253,7,52,74,1
106,257,71,31,20,19
107,259,86,31,35
108,260,1,86
109,263,1,30
110,264,62,79,53,87
111,265,30
112,268,51
113,269,24,36,77,44
114,271,30,3
115,274,57,50
116,277,62,46,52,31
117,279,39,5,34,29
118,280,42,56,68
119,282,6,98
120,283,34,83,67
121,287,20,92
122,290,19,41,92
123,292,5,13,18
124,296,95,11
125,298,42,61,21,86
126,301,18
127,304,37,82
128,308,56,23
129,310,84,8
130,314,87,10
131,318,64
132,320,52
133,323,12,15
134,326,45,83
135,330,98,21,35
136,333,31,48,62
137,336,86,6,72,65
138,337,9,69
139,339,19,98
140,343,96,86,43,46
141,344,89
142,348,77,51,69
143,350,24
144,351,92,49
145,355,43,52,51
146,359,54
147,360,45,40
148,362,40,3,23,20
149,363,81,16
150,366,77,59,24
151,370,63
152,374,43
153,376,92,36,58,85
154,379,48,93,74
155,380,44
156,382,45,87,93
157,386,52
158,390,7
159,393,42,39,45
160,397,37,1,65
161,399,16,5,48,59
162,401,32,20,51
163,405,22,95
164,408,91,97
165,412,16
166,415,60,48,21
167,416,22,61
168,420,4,5,21,62
169,424,13,38,9
170,428,41,56,13
171,431,91,82,40,56
172,435,6,24,49
173,439,42,43
174,442,54,75,69,88
175,445,62
176,446,48,4
177,449,45,3,78
178,450,10,81,4
179,452,13
180,453,1,22,29
181,455,27,65,86,23
182,458,98,90,72,12
183,460,87,8
184,464,58,72
185,467,26,4,9
186,470,83,60
187,474,19,20,39,31
188,478,16,69,95
189,479,12,82,74
190,481,78,38
191,482,30,51
192,485,25,59,2,56
193,487,49
194,490,51,98,35,96
195,493,93,45,78,46
196,495,58
197,498,64
198,499,92,25,13,30
199,502,74
200,505,35,16
201,509,18,29,46
202,510,19,89,6,59
203,513,47,28
204,515,95
205,516,2,4,49,64
206,517,15
207,519,81,10,55
208,521,8,9
209,523,90,35,74
210,527,25,26,62,66
211,529,91,49,76
212,532,12,22,77
213,535,45,63
214,536,70,88,75,67
215,537,59,95
216,540,55,61,89,65
217,542,86,47,49,49
218,544,40,36,94
219,545,86,26,38
220,547,22
221,551,35
222,553,96,69
223,555,98,71,32,27
224,556,85
225,559,4
226,562,64
227,563,7
228,565,98,57,7
229,566,72
230,569,75,50,66
231,572,96,31,60
232,575,94,75,62
233,577,85
234,578,73,31,74
235,579,84,16
236,583,15
237,586,20,51,25,1
238,590,41,53
239,594,43,37,72
240,598,60,30,59,86
241,602,71
242,605,25
243,607,81,43,25,48
244,609,96,26,72,97
245,610,26,23,16,48
246,612,48,43,51,89
247,614,24,58,50
248,615,83
249,618,9,22
250,620,81
251,621,78,34
252,622,15,44,25,92
253,625,15
254,628,17
255,631,1,49,44,5
256,634,36
257,636,60,34,45
258,640,42
259,641,40,8,54,42
260,644,86,55
261,645,10,42
262,649,58,50,80
263,653,89
264,654,25,87,99
265,658,3,51,57
266,662,24,44,60,57
267,666,10,11,95,2
268,669,46
269,673,63,45
270,675,91
271,677,70
272,678,50,71
273,680,14,4,97,54
274,682,25
275,683,63,60,46,28
276,686,3,46
277,688,20,81
278,689,34,56
279,691,7,93,65,31
280,693,73,69
281,695,20,72,38
282,697,19,36
283,699,65,3,96
284,701,71
285,703,34,64
286,706,99
287,707,15
288,708,13,21,17
289,710,93
290,713,38,22,10
291,714,23
292,717,90,71,17
293,718,70,37
294,722,22,59
295,725,59,68
296,729,73,69
297,733,40,4
298,734,35
299,737,74,48,37,31
300,740,33,3
301,744,55,89
302,748,56
303,750,28,78
304,754,48,69,19,70
305,755,44,75,48
306,759,57,99,34,84
307,761,54,18,63
308,763,2,75
309,767,17,48,22,20
310,771,51,74,38
311,774,84,1
312,777,43,49,66
313,779,88,88
314,783,93,63
315,785,38,42,67,88
316,788,65,68,65,26
317,789,49,66,8,98
318,790,39
319,792,38
320,794,60,91,54,51
321,798,14,31,84,21
322,799,50,45,61
323,801,46,21,63
324,805,35,35,82,63
325,806,65,61,59
326,807,52,40
327,811,12,23,61,57
328,814,42,9
329,818,26,33
330,820,67,13
331,821,1
332,822,63,66,41,72
333,823,37
334,825,6,94,71,30
335,827,15,55
336,828,48,33,92
337,832,64
338,836,50,33,66,79
339,838,92,60
340,842,98,43
341,844,20,12
342,846,28
343,848,1,81,73,18
344,849,51,1,24
345,851,73,10
346,853,51,39,32,8
347,856,71,71
348,858,63,52,83,44
349,860,96,90
350,862,79
351,863,89,68
352,866,44,59,31
353,867,22
354,869,69,31,88
355,872,61,66
356,873,8,74,40
357,875,9,29,17
358,876,36
359,879,80,34,77,79
360,882,68,6,32
361,885,77,65,27,88
362,887,80,73,28
363,889,24,76,6,3
364,891,40
365,893,32,29,12,61
366,894,62,29,28,88
367,898,85
368,899,97,4,77
369,901,60,63,29,82
370,904,27,92
371,907,20,97,90
372,908,44,69,6,55
373,909,62,28,4
374,912,47
375,914,63,36
376,916,46,98
377,917,25,24,98
378,918,61,32,69
379,921,60,12,94,30
380,923,69,3
381,926,14
382,929,79,8,52,87
383,933,7
384,936,56,17,25
385,940,96,43,11
386,942,95,10
387,945,75,45,49,91
388,946,35,41
389,950,65,84,44
390,952,74
391,953,71,75,98,87
392,954,3
393,958,73,4,50,1
394,959,19,1,28
395,962,75
396,963,68,20
397,966,70,3,22,35
398,968,99,92,64
399,970,78,47,96
400,974,78,63
401,977,4,29,90,7
402,979,51,97
403,983,86,83,93,42
404,987,78,45,38
405,988,35,70,29
406,990,44,6,63,17
407,991,84,91,76,25
408,995,47,48
409,997,10,81,9,25
410,1000,60
411,1001,26,68
412,1004,77,74
413,1007,28,50,58,57
414,1009,55
415,1013,95,95
416,1014,78,15,9
417,1015,78,91,58
418,1016,15,43,98
419,1019,98
420,1022,40,29,96
421,1024,10,55
422,1026,25
423,1027,7,18,98,62
424,1031,57,69,58,42
425,1033,97
426,1035,50,29
427,1039,74
428,1042,23,73,54,67
429,1045,47,30,12,59
430,1047,47,97,40,61
431,1049,18,9,31,45
432,1051,11
433,1052,19,62,6
434,1056,2,37
435,1059,9,94,3
436,1060,43,67,67,88
437,1061,99,74,31
438,1062,18,29,20
439,1064,69,45
440,1068,78,73,10
441,1071,67,51
442,1074,53
443,1075,26,30
444,1078,7
445,1081,50,78,42
446,1082,94,66,57
447,1085,46,40,7
448,1086,61,66
449,1089,57,94
450,1093,95,78,16
451,1095,25,33,46
452,1098,23,19,81
453,1099,57,11,81,45
454,1103,87,74,74,64
455,1107,52,22,31,99
456,1109,39
457,1113,95,74
458,1117,27,39,81,2
459,1119,68,50,88
460,1121,26,13,94,83
461,1122,97,73,92,49
462,1124,17,88,95
463,1126,50,73,17,41
464,1128,36,81,44
465,1131,13,74,76,97
466,1133,39,27,81
467,1135,91,74,76,68
468,1137,36,2,48,93
469,1141,53,28,9,45
470,1144,58,60
471,1147,44,27
472,1149,29
473,1153,68,99
474,1157,78,51
475,1159,21,94,86
476,1162,1
477,1164,64,81,50,68
478,1165,33,80,82,88
479,1166,58,18,28,64
480,1169,21
481,1172,54
482,1175,50,23,2
483,1177,46,28
484,1178,30,36
485,1181,91,43
486,1182,88,16
487,1186,40,21
488,1190,42,45,75,76
489,1194,15
490,1198,78,58
491,1199,99,64,67,22
492,1200,83
493,1204,10,50,86,58
494,1208,94,62,86,88
495,1211,14,73,67
496,1212,6
497,1215,80,51,99,75
498,1218,26,35,67
499,1222,65,60,49,69
500,1224,7,27
501,1228,35,77,33,36
502,1230,25,52,19,42
503,1233,24,93,57,11
504,1234,71,50,68
505,1238,29
506,1240,95
507,1241,52,63
508,1244,32,2,60,61
509,1246,94,49,40,38
510,1248,38,47
511,1249,91
512,1252,1,27,54,69
513,1255,13,75,65,63
514,1259,50,57
515,1263,97
516,1266,54,24,47,81
517,1269,91
518,1270,29,23
519,1273,55,80,72,66
520,1276,67
521,1278,48
522,1282,83,39,36,43
523,1286,8
524,1287,55,96,5
525,1291,24,53
526,1293,67
527,1294,91
528,1297,2,23
529,1300,47,73,6
530,1302,13
531,1305,98,3,94
532,1309,90,35,59,22
533,1310,18
534,1311,30,76,97
535,1315,1,22,29,34
536,1319,19,1,39
537,1322,91,78,52
538,1324,40,24,45,32
539,1327,29,55,49,9
540,1329,6,36,27
541,1330,81,58,13,29
542,1333,51,85
543,1336,15
544,1339,5,47
545,1340,20
546,1344,19,90,79,25
547,1345,70,51,10
548,1348,80,36,78,11
549,1352,15,65,74,51
550,1354,66,69,90,28
551,1356,84,14
552,1358,48
553,1359,97
554,1362,99
555,1363,37,99
556,1364,56
557,1366,2,23
558,1367,73,58,37,87
559,1369,29,7,15
560,1373,93,14,99,64
561,1376,95,11
562,1377,8
563,1380,81,67,46
564,1381,4,66,38,14
565,1385,70
566,1389,34,88,35
567,1391,48,95,21
568,1395,65
569,1396,9,3,28,2
570,1400,36
571,1401,40
572,1405,43
573,1407,66,94
574,1410,94,91,99,86
575,1414,91
576,1415,30,50
577,1416,95
578,1417,77,76,19,63
579,1420,20,74,33
580,1424,19
581,1428,47,5,12,5
582,1430,90,46,27,66
583,1432,85,95,95
584,1433,12
585,1434,63,3
586,1438,74,73,68,85
587,1440,1,74
588,1441,71,75,11
589,1444,40
590,1448,86,84,14
591,1449,9,75
592,1452,30,94,3
593,1453,59
594,1456,17
595,1458,28,94,66
596,1460,93
597,1461,67,14,83
598,1462,22,10,94,88
599,1463,8,94
600,1467,49,32
601,1469,37,63,50,76
602,1472,30,10,15
603,1475,60
604,1476,63,26
605,1478,20,44,17
606,1481,24
607,1482,24,19
608,1484,98,37
609,1485,26,85
610,1488,73
611,1492,14,39,24
612,1493,84,97,5
613,1497,50,40
614,1498,32
615,1502,16,5
616,1503,52,33,4
617,1505,72,55,25,60
618,1508,98,42,76
619,1511,5,62,88
620,1512,7,19,67,55
621,1513,42,96,65
622,1514,43,10
623,1518,48,10
624,1522,61,9,62
625,1523,5,13,49,31
626,1526,45,66,73
627,1530,92,28
628,1534,51
629,1536,16
630,1539,82,97,36
631,1542,90,12
632,1544,83,51,49,39
633,1548,33,28,28,84
634,1552,57
635,1553,77
636,1556,4,5,40,46
637,1559,27,68,24,84
638,1561,7,44,97
639,1562,62,50,50,56
640,1565,11,18
641,1567,67,65
642,1568,89,56,43
643,1572,91
644,1573,58,59,25,82
645,1575,19,16,68
646,1578,98,3
647,1579,90,25
648,1581,2
649,1584,92,54
650,1586,81,19
651,1590,18,81,47,65
652,1593,60,54
653,1596,94,26,66
654,1600,71,30,48,28
655,1601,26,93
656,1604,3,80,28,71
657,1606,42,65
658,1608,30,78,82,27
659,1611,29
660,1612,8,85,1
661,1613,35,62
662,1616,91
663,1618,38,41,82,69
664,1621,57
665,1625,78,9,40
666,1626,11,38,88
667,1629,58,62,48,66
668,1630,94,10,81
669,1634,56,63,77
670,1635,41,40,2
671,1637,91,44,44,25
672,1639,45,51
673,1643,60,55
674,1645,15,39
675,1647,10,89,12
676,1651,86
677,1655,14,23,25
678,1659,94,48,93,89
679,1662,99
680,1665,51,68,42
681,1667,51,55,92,5
682,1670,92,24
683,1673,27,85
684,1674,13,16
685,1677,73,52,98
686,1680,77,48,67
687,1684,5
688,1687,59,36,8,14
689,1691,8
690,1695,64,3
691,1698,87,30,47,9
692,1699,1,96,71,17
693,1703,95,22
694,1704,34,8,15
695,1707,16
696,1711,79,42,57
697,1714,25
698,1718,96,69,44
699,1720,90,60,34,28
700,1723,95,62,27
701,1725,30
702,1727,57
703,1728,6,34,33
704,1731,42,43,51
705,1734,28,49,12
706,1738,13,97,55,56
707,1742,91,6,43,48
708,1744,71
709,1745,30
710,1749,6,78
711,1752,97,67
712,1754,60
713,1757,1,10
714,1761,17,44,42
715,1763,22,28,63,26
716,1764,9
717,1768,92,29
718,1772,31,98,78
719,1773,87,82,43,68
720,1774,3,32,80,10
721,1775,88,82,84
722,1777,10,68,71,81
723,1781,88
724,1782,91,26,45
725,1783,97,69
726,1786,89,8
727,1789,2,81
728,1790,7,73,31
729,1792,15,71
730,1796,55,99,70
731,1797,87,27,65,59
732,1801,3,52,66,59
733,1804,17,89,54,85
734,1806,48
735,1808,94,15,18
736,1812,47,48,20
737,1814,55,41,47,25
738,1815,25,77
739,1819,61,69
740,1821,86
741,1823,40,96
742,1824,87
743,1826,88,88,93
744,1827,40,9,18,80
745,1828,66,16
746,1830,61,9,61
747,1833,81,80
748,1835,64,15
749,1839,29
750,1840,96
751,1843,92,24
752,1845,70,32
753,1848,56,50,79,3
754,1850,88,13,74,55
755,1853,1,34,99,36
756,1854,94
757,1857,17
758,1861,34,48,22
759,1863,58,47,81
760,1865,28,19
761,1868,45,85,11,65
762,1870,45,78,20
763,1873,47
764,1875,78,29
765,1878,48,31,51
766,1882,34,75,90
767,1883,42,34,1,6
768,1886,44,27,64
769,1890,15,3
770,1891,32,50,39,95
771,1895,2,34,64
772,1897,81,45,13,28
773,1900,77,14,72
774,1901,63,62,87,85
775,1903,51
776,1905,83,60,52,11
777,1908,93,59,34
778,1909,29,81,18,81
779,1911,68,71,18
780,1912,88
781,1915,92,35,32,63
782,1917,96,87,62
783,1918,84,52,31,24
784,1922,84,98,60,6
785,1925,46,22,59,66
786,1929,82,78,49,99
787,1930,79,45,61
788,1932,90,95,98,63
789,1933,44,87,37
790,1935,51,76,2
791,1936,48,98,52
792,1938,78,72,43,47
793,1939,32,43,57,85
794,1940,97,1
795,1942,47,68
796,1946,47,90,25
797,1949,52,94,87
798,1952,14,41,92
799,1956,18,55
800,1957,16,73
801,1958,79,80,43
802,1961,12,49,63,43
803,1965,93,90
804,1966,42,81
805,1968,75
806,1969,77
807,1970,89
808,1973,94,45,61,63
809,1976,93,92,52
810,1978,25
811,1980,25,68
812,1983,44,96,32,39
813,1985,95,69,10
814,1988,36,32
815,1990,73
816,1994,93
817,1996,53
818,1999,64,21,83,48
819,2003,84
820,2005,22
821,2008,72,23,10
822,2010,6
823,2011,2
824,2015,93,58
825,2017,99
826,2018,17,45
827,2021,1
828,2024,24,19,5,4
829,2026,91
830,2030,7,91,2,61
831,2031,46,86,70
832,2035,27,27
833,2037,53,23,17
834,2038,13
835,2042,89,40
836,2043,70,69
837,2047,19
838,2049,35,69,89,68
839,2050,90,74,22,18
840,2054,23,22,65,89
841,2058,2,47,55,44
842,2060,23,29
843,2064,50
844,2066,35,83,37
845,2068,76
846,2072,80,79
847,2074,87,6,40,34
848,2076,75,87
849,2079,21
850,2083,97,3
851,2085,79,9
852,2088,5,35
853,2090,7,21,72,17
854,2091,75,30
855,2093,42,93,78
856,2095,23
857,2097,6
858,2099,94,27,37
859,2103,13,39
860,2104,48,95,20,56
861,2107,70,83,63
862,2110,31,99
863,2111,30,73
864,2114,65,67
865,2118,71,97
866,2121,11
867,2122,20
868,2126,88,55
869,2128,67,77,25,66
870,2130,98,62,39
871,2133,47,2,69,90
872,2134,58,2,92
873,2136,30
874,2137,62,10,95
875,2140,78,6
876,2144,11
877,2146,65,18,54
878,2148,75,1,89,79
879,2152,39,39
880,2154,20
881,2156,55,75
882,2159,58,10,88,17
883,2160,56,79
884,2164,96,75
885,2166,54,49,18,14
886,2168,67
887,2169,80,91,5,86
888,2171,57,74
889,2173,21,50
890,2177,44,92
891,2180,78,90,95,70
892,2183,91,54,81,77
893,2186,59,77
894,2187,34
895,2191,38,98
896,2193,44,44,93,69
897,2194,70,17,76
898,2195,82,44
899,2196,54,55,6
900,2197,4,69,42,17
901,2198,83,28,59
902,2200,61,44
903,2204,56
904,2206,5,89
905,2210,23,55,51,25
906,2213,33,84,64,88
907,2216,14
908,2220,21
909,2223,4,88
910,2225,99
911,2229,2,42
912,2233,48,63
913,2237,58
914,2239,21,30,43,72
915,2243,77,19,71
916,2244,77,19,20,65
917,2247,92
918,2251,36
919,2252,20
920,2255,64,14,13,68
921,2259,69,1
922,2261,19,29
923,2262,90
924,2266,79,37,77
925,2267,9,46
926,2268,37,28,26
927,2269,30
928,2271,77,66,39
929,2274,14,38,94
930,2278,12,34,60
931,2279,48,40
932,2283,24,1,3,44
933,2286,74,13,56,48
934,2290,74,27,48
935,2294,63,17
936,2295,57
937,2296,17,59,33
938,2300,67,8
939,2301,57
940,2304,78,48,57
941,2307,47,52,18,17
942,2310,22
943,2312,19
944,2314,64
945,2316,64
946,2319,11,8,87,71
947,2322,53,51,67
948,2324,60
949,2328,25,78,62
950,2329,21,61
951,2331,34
952,2335,12,26,23
953,2336,80,58
954,2338,38
955,2341,55
956,2342,69,58,42
957,2344,55,37,29,53
958,2346,4,95
959,2348,39,17,17,32
960,2352,44,2
961,2356,70,50
962,2358,3,97,3,18
963,2362,9,90,91
964,2364,61,24,16
965,2368,75,53,60,44
966,2370,76
967,2372,49,96
968,2374,76
969,2378,11,52
970,2381,47
971,2382,65,15,29
972,2383,64,74,28
973,2384,53,95
974,2387,50,1,44
975,2388,98,87,25,3
976,2392,14,61
977,2396,8,47,23,73
978,2399,64
979,2403,23,50,36,69
980,2405,98
981,2406,10,30
982,2410,55
983,2412,23,73,63,57
984,2416,34,18,39
985,2417,54
986,2419,64,44,70
987,2422,42
988,2423,55,61
989,2426,30
990,2429,74,69,31,83
991,2431,79,62,49
992,2434,10
993,2435,16,67,20,23
994,2436,91,69,38
995,2439,23,58
996,2440,36,77,84,88
997,2441,44,42,62,55
998,2445,21,3,24
999,2448,85,1,12
1000,2450,84
1001,2452,60,21,60,59
1002,2456,73
1003,2457,58
1004,2458,44
1005,2460,70,22
1006,2463,14,69,40
1007,2464,21
1008,2466,96,71,74,83
1009,2467,12
1010,2470,6,34
1011,2471,42,39,23
1012,2472,38
1013,2474,64
1014,2475,30,32,37
1015,2479,47,54,1,80
1016,2481,36,67
1017,2484,22
1018,2488,11,53,50,84
1019,2492,84,50,94
1020,2493,72
1021,2495,35,8,19
1022,2497,87
1023,2501,12,84,79
1024,2504,41,86,75,52
1025,2506,60,50,85
1026,2507,55,10,44,68
1027,2511,57,4
1028,2514,2,88,61,32
1029,2518,56,36,97
1030,2522,6
1031,2524,90,41,34
1032,2527,80,18
1033,2531,25,51,61
1034,2533,29
1035,2536,39,17
1036,2540,44,91,38,51
1037,2544,38,88
1038,2548,43,9,72
1039,2550,62,59,12,54
1040,2553,95,30,83,90
1041,2554,97
1042,2556,77,1,25
1043,2559,94,18,61,57
1044,2560,88,99,90,90
1045,2563,72
1046,2564,90,36,78,19
1047,2567,40,51
1048,2570,84,78
1049,2571,42
1050,2572,84,58,43,34
1051,2575,18,66,98,69
1052,2578,68,13,64
1053,2579,6,96,39
1054,2583,44
1055,2587,83,70,95
1056,2589,85,41,27,52
1057,2592,62,50,96,64
1058,2593,19
1059,2594,30
1060,2595,92,86,61
1061,2596,51,64,74
1062,2599,37,44,88,3
1063,2601,90,94,94
1064,2603,43,8
1065,2605,39,60
1066,2607,46,76,75
1067,2609,12,16,82
1068,2613,63
1069,2615,73,21
1070,2616,61,78,44,87
1071,2620,54,32,9
1072,2623,62,72,19,94
1073,2626,87,27
1074,2627,21,65,55
1075,2630,95,53,37
1076,2631,24,62,62
1077,2634,51,66
1078,2635,47,37,52,38
1079,2637,68
1080,2640,32,53
1081,2644,70,36,91,45
1082,2645,91,33
1083,2647,56,43
1084,2650,80,85,96,4
1085,2651,71,53
1086,2653,3,36
1087,2655,18,52
1088,2657,79,37,16,71
1089,2660,5,4,46
1090,2663,48
1091,2664,58,64
1092,2668,55,80,28,54
1093,2671,16,88
1094,2672,32,38,97
1095,2675,83,54,22,92
1096,2677,80,58,96
1097,2681,94,4,52
1098,2684,33,54,90,64
1099,2686,53,3,12
1100,2688,32,30,62
1101,2691,38,1,8
1102,2693,99,56,85
1103,2694,22,26
1104,2695,10,23,54
1105,2698,37,89
1106,2699,90,73,55
1107,2700,76,79,61,43
1108,2703,47
1109,2704,83,62
1110,2705,97
1111,2706,64,19,48
1112,2708,91
1113,2712,76,2,2
1114,2713,62,62
1115,2716,77
1116,2719,52,83
1117,2723,37
1118,2725,47
1119,2729,20
1120,2731,40,31
1121,2734,75,50,4,86
1122,2736,5,42,69
1123,2738,94,29
1124,2742,10
1125,2743,87,39
1126,2747,47
1127,2751,74,33
1128,2754,36
1129,2757,64,73
1130,2759,76,32,98
1131,2763,47
1132,2766,36,77
1133,2768,98
1134,2769,7,43
1135,2771,56
1136,2773,21,4
1137,2777,14,22,41
1138,2780,10
1139,2782,91,28
1140,2783,38,68,73,82
1141,2786,71
1142,2788,78
1143,2789,47
1144,2791,94,12,29
1145,2793,22
1146,2794,34
1147,2795,63,4,80
1148,2796,90,72
1149,2798,64,58,4
1150,2801,88,48,97,24
1151,2805,43,94,81
1152,2808,69
1153,2810,86,68,4
1154,2813,82
1155,2815,7,42
1156,2816,1
1157,2819,30,68
1158,2820,57,20,3
1159,2823,76,51,44
1160,2824,11,48,17
1161,2828,13
1162,2830,11,66
1163,2834,93,9
1164,2835,16
1165,2838,34,48
1166,2842,56,78,44
1167,2845,74,44
1168,2847,7
1169,2850,23,41,87,76
1170,2851,15,37
1171,2853,80,11
1172,2856,84,89,90,43
1173,2857,61
1174,2861,71,92
1175,2862,72,46,86
1176,2864,22,58,1
1177,2868,63
1178,2870,43,74
1179,2874,85,41,2,97
1180,2875,37
1181,2877,25,44,43
1182,2881,99
1183,2885,86,42,65,32
1184,2887,96,67,38,47
1185,2891,75
1186,2892,22,65,40
1187,2894,79,91,76
1188,2895,41,3
1189,2896,1,52,70
1190,2899,45,32,49,59
1191,2902,24,7
1192,2906,13,56,42
1193,2907,43,28,45
1194,2911,33,87,2
1195,2912,20,21,63,1
1196,2916,18,20,70,99
1197,2919,30
1198,2921,46,96,56,27
1199,2924,86
1200,2925,26
1201,2928,68,69,6
1202,2931,73,75,35
1203,2933,78
1204,2936,61
1205,2939,13,36,58
1206,2942,30
1207,2943,43,94,49
1208,2947,55,15,99,1
1209,2948,21
1210,2950,79
1211,2953,85
1212,2957,63,36
1213,2960,54,42
1214,2964,13,78,69,4
1215,2967,76,44,73,27
1216,2971,65
1217,2972,48,95,54
1218,2975,65
1219,2977,86,78,41,28
1220,2979,57,91,23,89
1221,2983,81,70
1222,2987,97,20
1223,2989,19
1224,2990,70,20,94
1225,2993,55
1226,2995,7,11,47,75
1227,2997,30,35
1228,2999,49
1229,3001,40,62
1230,3004,74
1231,3008,83
1232,3009,98
1233,3012,45
1234,3016,16
1235,3018,63,13,41,85
1236,3020,91
1237,3023,45,48
1238,3025,35
1239,3027,41,30
1240,3031,88
1241,3034,26,86,41
1242,3037,17,12,46
1243,3040,60
1244,3044,95,46,8,3
1245,3045,50,30
1246,3048,63,53,91
1247,3050,96,44
1248,3052,78,47,73
1249,3056,32,35
1250,3059,13
1251,3060,15
1252,3062,94,55,30
1253,3065,28,74
1254,3066,89,30,13,34
1255,3070,50,13,7
1256,3073,31,70,30
1257,3074,30,19,72
1258,3075,33
1259,3078,92,25,4,6
1260,3082,70,18
1261,3086,49
1262,3088,5,18
1263,3090,25,38,32
1264,3091,84
1265,3094,29,91,80
1266,3096,78
1267,3099,82,53,64
1268,3102,31,43
1269,3103,11,82
1270,3104,54,17,59
1271,3107,79
1272,3108,76
1273,3110,20
1274,3114,10,9,21
1275,3117,87,7,32,90
1276,3120,58,74,82
1277,3121,61,80,14,49
1278,3124,12,48,16,80
1279,3126,51
1280,3127,87,34
1281,3129,70
1282,3133,64,33,85
1283,3137,15,72,70
1284,3141,40
1285,3144,52,64
1286,3147,58,96,28
1287,3148,38,48
1288,3151,45,20,5
1289,3152,48
1290,3153,11
1291,3156,55,46,13
1292,3159,31,48,72
1293,3160,76,90,30
1294,3161,6,75,62,30
1295,3162,98,15
1296,3165,81,93,95,74
1297,3166,25
1298,3169,80,36,49
1299,3171,12
1300,3174,82
1301,3177,95,57,23
1302,3178,13
1303,3181,71,86,99,89
1304,3183,64,68,53
1305,3185,23,47,32
1306,3187,10,93
1307,3189,22
1308,3191,99,12,70,43
1309,3193,39,48,15,32
1310,3194,93,90
1311,3196,67,84,46,43
1312,3200,12,55,30
1313,3204,78
1314,3205,95,82
1315,3208,60
1316,3210,90,72,32
1317,3212,52,25,82,59
1318,3215,29,53
1319,3216,26,21,68
1320,3218,14,1,19,42
1321,3219,34
1322,3223,36,27,81
1323,3226,4
1324,3230,65,2
1325,3233,89,32,68,55
1326,3234,99,71,9,1
1327,3235,95,91,91,38
1328,3239,15
1329,3243,10,15
1330,3246,76,32,30
1331,3248,20,97,49
1332,3250,89,16,41
1333,3251,76,74,65,90
1334,3252,40,59
1335,3256,48,6,69,41
1336,3259,83
1337,3260,74,19
1338,3261,58,2
1339,3264,60,44,57,53
1340,3268,30,43
1341,3269,26
1342,3271,83,38
1343,3274,56
1344,3277,31,91
1345,3278,69,57,22,97
1346,3280,62,51,33,51
1347,3282,63,26
1348,3284,98,22,55
1349,3286,35
1350,3287,99,47,28,13
1351,3288,70,36,6
1352,3291,66,97,4
1353,3294,71,88,34
1354,3296,53,87,30,91
1355,3300,88,61,43,97
1356,3303,79
1357,3307,15,68
1358,3311,16,85,18
1359,3315,49,66
1360,3316,6,43
1361,3320,23,48,80
1362,3322,6,26,13,21
1363,3326,29
1364,3330,23,27
1365,3333,4
1366,3335,94,65
1367,3339,89
1368,3343,36
1369,3345,55,67
1370,3348,82,49
1371,3349,31
1372,3352,24,97,48,12
1373,3356,37,29
1374,3360,8,61
1375,3361,96,83
1376,3364,18,6
1377,3367,42,59
1378,3369,9,91,90,29
1379,3372,91,1,41
1380,3374,40,7
1381,3375,76,39,43,71
1382,3378,87
1383,3379,67,45,58,64
1384,3383,2,80,47
1385,3387,21,9,17,22
1386,3390,38,89,4
1387,3394,99,79,12
1388,3396,78
1389,3399,27,54,30,40
1390,3402,8,68,45,85
1391,3406,8,79,14,95
1392,3409,7,92
1393,3411,6,45,76,37
1394,3415,54,91
1395,3416,93,56
1396,3417,76
1397,3419,61,43,54
1398,3423,3,39,9
1399,3427,69,43,80
1400,3429,63,69,23
1401,3432,7,26,87,57
1402,3433,70,61,43,91
1403,3434,43,36,53
1404,3435,80
1405,3437,66,31,69,57
1406,3438,20
1407,3439,58
1408,3443,52,3,46
1409,3445,3,45
1410,3447,49
1411,3448,51,80,63,23
1412,3450,35
1413,3454,4,6,86
1414,3458,45,43
1415,3460,84,86,25,18
1416,3464,44,13,46,46
1417,3466,90,91,96,64
1418,3469,50
1419,3471,77,48,99,13
1420,3475,40,84,47,47
1421,3476,66,69,49
1422,3479,89,41,85
1423,3482,20
1424,3486,46
1425,3487,15,10,23
1426,3489,15,16
1427,3493,49,68,67
1428,3496,34,30,85
1429,3500,65,41,91,88
1430,3502,94
1431,3503,71,29,11,29
1432,3504,91,28,87,86
1433,3506,59,37
1434,3508,96
1435,3511,76
1436,3513,1,16
1437,3517,33,91
1438,3518,35
1439,3519,69,62
1440,3521,53
1441,3525,90,33,53,35
1442,3528,13,4
1443,3532,46,74,12
1444,3536,3,88
1445,3540,16,21,73
1446,3544,3,31,52,79
1447,3546,11
1448,3547,26,32,15,11
1449,3548,94
1450,3550,96,81,84,9
1451,3554,40,45,2
1452,3555,86,45
1453,3558,97,90
1454,3560,11,77,75,47
1455,3561,80
1456,3563,9,57,66
1457,3566,21,25
1458,3568,66
1459,3569,65,9,83,37
1460,3572,83,62,53
1461,3575,54,11,11
1462,3579,45
1463,3583,43
1464,3587,47
1465,3590,77
1466,3594,17,8,10,58
1467,3597,36,17
1468,3600,65,56,72,4
1469,3604,25,2,6,37
1470,3606,6,54,15
1471,3610,38,51,67,94
1472,3613,67,72,72,17
1473,3617,83
1474,3619,91,27
1475,3622,2,77,11
1476,3624,16,50
1477,3628,3,85,14
1478,3629,16,21,21,19
1479,3632,92,76,3,1
1480,3633,94,43,43,29
1481,3636,38,10,10
1482,3638,32
1483,3639,71,80,86,93
1484,3642,69,71,63,96
1485,3646,28,60,48
1486,3650,27,30,2,78
1487,3654,93,94,36
1488,3655,34
1489,3658,3,63,64,54
1490,3659,38
1491,3663,81
1492,3666,37,2,94
1493,3668,66,33
1494,3671,31
1495,3675,79,84,3,36
1496,3676,64,42,38
1497,3678,14,22,31
1498,3682,91
1499,3684,72,46,80,11
1500,3688,25
1501,3692,44,68
1502,3693,43
1503,3695,36,36
1504,3698,52,62,93,69
1505,3702,39,70,80
1506,3705,56,86,77
1507,3709,81,84
1508,3713,25,82,52
1509,3717,74,6,26,74
1510,3719,94
1511,3721,30,41,58
1512,3723,69,66
1513,3726,3,97,51
1514,3729,47,15
1515,3732,4,16
1516,3734,44,72,53,18
1517,3735,21,64,17,30
1518,3736,72,70
1519,3739,51,38,90,65
1520,3740,46,12,81
1521,3741,29
1522,3743,19,74,99,68
1523,3745,20,93
1524,3746,51,4,20,54
1525,3749,62,83
1526,3752,62,55
1527,3753,16,38
1528,3756,39,12,80
1529,3759,54,73,62
1530,3761,80,80,65,48
1531,3764,85,80
1532,3766,26,77
1533,3769,46
1534,3771,16,53,37,77
1535,3775,74,29,41
1536,3777,46,11
1537,3778,5,79,25
1538,3779,86,18,8,10
1539,3781,2
1540,3783,57,42,55,93
1541,3785,8,44
1542,3787,77
1543,3790,99,7,89
1544,3791,91
1545,3795,44,68,16,46
1546,3796,53,99,90
1547,3800,7
1548,3803,25,3,42
1549,3806,96,30,32
1550,3809,45
1551,3812,11,5,62,48
1552,3816,27,4
1553,3819,97,18
1554,3822,11,26,32,42
1555,3824,33
1556,3825,41
1557,3829,46
1558,3830,35,40
1559,3833,52,48,36
1560,3834,3,84
1561,3836,10,9
1562,3839,48
1563,3841,5,70,25
1564,3843,52,72
1565,3844,29,68,14
1566,3845,12,85
1567,3849,98
1568,3852,91,72
1569,3855,18,10
1570,3857,38,82
1571,3860,91,79,55,95
1572,3864,70,42,4,61
1573,3867,87,51,84
1574,3870,87,77,84
1575,3872,68,91
1576,3876,36
1577,3878,93,86,57,15
1578,3879,31,50,9,60
1579,3882,54
1580,3885,29,41,93,84
1581,3889,4
1582,3891,81,38,76,79
1583,3894,90,36,90
1584,3896,74,91,75
1585,3899,37,30,20
1586,3900,35,67,72,94
1587,3902,49,56,42
1588,3904,23,34,78
1589,3908,47,37
1590,3912,21
1591,3915,76,47,24
1592,3916,95,58
1593,3920,13,27,6,70
1594,3923,14
1595,3926,65,19
1596,3929,29,6,84,82
1597,3932,61,26
1598,3935,68,99
1599,3939,40,76
1600,3941,86
1601,3942,71
1602,3944,66,19,80
1603,3945,77,61,4,54
1604,3948,59,82
1605,3951,52,46,21,72
1606,3955,91,34,92
1607,3958,27,91,47
1608,3959,85,69,80
1609,3962,92
1610,3964,92,47,15,88
1611,3965,34,11
1612,3966,52
1613,3967,46,91,33,22
1614,3971,21,40,74,23
1615,3972,17
1616,3973,1,90,48,57
1617,3975,58,96,75
1618,3977,37,32
1619,3981,7
1620,3985,18,71,4
1621,3989,12,18
1622,3993,67,27,8
1623,3995,50,68,8
1624,3999,56
1625,4002,15,74,20,92
1626,4003,22
1627,4005,60,2,90
1628,4006,88,60,69,59
1629,4007,25,41,19,88
1630,4008,2
1631,4010,50,28,80,62
1632,4013,69
1633,4014,30
1634,4017,32,17,5
1635,4021,96
1636,4023,56,72,67
1637,4026,95,40,50,99
1638,4029,62,7
1639,4031,78
1640,4035,91,23,64,12
1641,4039,67,27,65
1642,4040,66
1643,4044,48,29,54,54
1644,4048,25,4,32,26
1645,4050,58,99,79
1646,4052,54,46,65,50
1647,4056,39
1648,4060,88
1649,4061,92
1650,4062,2,68,85
1651,4066,81,99,15
1652,4067,22,38,72
1653,4068,67,52
1654,4069,39
1655,4072,26
1656,4073,38
1657,4074,72,70,4
1658,4076,86
1659,4078,3,76
1660,4082,66,53
1661,4085,77,96,80,31
1662,4086,6,89,42,81
1663,4090,39,70,94
1664,4094,63,4,93
1665,4098,4,78,24,40
1666,4099,98,36
1667,4102,2
1668,4105,53,61
1669,4109,78
1670,4113,17,54
1671,4116,4,21,89,31
1672,4120,50,20
1673,4123,46,67
1674,4126,72,34
1675,4127,41
1676,4128,93
1677,4131,38,25
1678,4132,15,30,74,20
1679,4133,75,70
1680,4137,59,55,76
1681,4141,58,8
1682,4143,53,26,16
1683,4145,58,79,62,60
1684,4148,7,82,28
1685,4152,40,28,50
1686,4155,84
1687,4159,36,30,46
1688,4161,46,31
1689,4162,5
1690,4166,96,47,49,63
1691,4167,25,58,93
1692,4170,2,34,81
1693,4171,60,77
1694,4173,12
1695,4174,72
1696,4177,22,21
1697,4180,32,37
1698,4182,11,96,87
1699,4183,50,69,41
1700,4185,55,51,78,89
1701,4186,10,48
1702,4188,31
1703,4190,73
1704,4192,38
1705,4195,22,69,70
1706,4199,7
1707,4202,13
1708,4204,79,91,52,89
1709,4205,90,78
1710,4206,3,56,41,86
1711,4209,26,71,96,33
1712,4211,86,96
1713,4213,26,78,54,46
1714,4215,78,40,91,37
1715,4217,31,35
1716,4218,87
1717,4222,59,73
1718,4223,28,28
1719,4226,11,88
1720,4230,90,36,83,1
1721,4234,54
1722,4238,28,48
1723,4241,7
1724,4244,44,9
1725,4246,52,81
1726,4248,78
1727,4251,38
1728,4252,53,8,72
1729,4256,79
1730,4257,80,7,70
1731,4261,23,51,93
1732,4262,8,36,19,49
1733,4266,12,83,69
1734,4270,66
1735,4274,76,71,97,70
1736,4278,84,69
1737,4279,50,25
1738,4283,84,98,45
1739,4287,15,20,41,78
1740,4288,51
1741,4290,91
1742,4294,51
1743,4298,60,44,38,8
1744,4299,43
1745,4300,19,99
1746,4303,90,76
1747,4307,58,84
1748,4311,71,68
1749,4313,12
1750,4317,27
1751,4318,67,55
1752,4322,56,55,88
1753,4324,31,7,14
1754,4326,64,22,70,36
1755,4329,39,36,7,61
1756,4332,46,78
1757,4336,50,30,98,62
1758,4337,91,34,86,17
1759,4338,77
1760,4341,13,73,28,97
1761,4342,45,98,69
1762,4345,23,81,57,81
1763,4346,19,11,32,61
1764,4350,39,91,66,82
1765,4353,68,89
1766,4357,4,18,18,97
1767,4361,12
1768,4362,99,97,9,73
1769,4365,93,66,99,71
1770,4366,74,83,95,86
1771,4369,51
1772,4372,23,15,87
1773,4375,70,89,14,4
1774,4378,59,43
1775,4381,51,33
1776,4383,99
1777,4387,46,36
1778,4388,86,28
1779,4389,73,94
1780,4391,59,52,2
1781,4394,75,71
1782,4398,67,53,90,65
1783,4402,5,44,33
1784,4405,15
1785,4408,21,58
1786,4412,55,54,18,82
1787,4414,12,96,64
1788,4418,37,50
1789,4419,77
1790,4423,80
1791,4425,41,71,60
1792,4429,59
1793,4432,18,71,88
1794,4435,71,37,16,27
1795,4436,3,64,39
1796,4439,48,39,93
1797,4440,41
1798,4441,28
1799,4445,25,87
1800,4449,43,94,65,93
1801,4453,92
1802,4457,73,30
1803,4458,95,98,12,69
1804,4462,60,43,69,76
1805,4466,68,53,83,52
1806,4470,69,82,32,90
1807,4472,39,76
1808,4476,84,82,23,9
1809,4479,10,54
1810,4481,90,93,90,64
1811,4485,91,86
1812,4488,40,75,23,70
1813,4490,94
1814,4493,21
1815,4496,16,37
1816,4498,79,50
1817,4499,97,91
1818,4502,65,26,27
1819,4505,37,16,8,37
1820,4507,98,71,23,26
1821,4510,74,74,65,33
1822,4511,38,93
1823,4514,73,70,82
1824,4515,28,51,85,79
1825,4518,14,7,96
1826,4519,75,17,70,81
1827,4520,75,66,7
1828,4521,69
1829,4523,62,64,38,3
1830,4527,96,6,58
1831,4531,99,52,78
1832,4534,20,20
1833,4536,96,16,86
1834,4540,63,21
1835,4544,50,11,40
1836,4546,21
1837,4549,60,51
1838,4551,85,60,94
1839,4554,59,90
1840,4556,68
1841,4559,71,93
1842,4562,9,85
1843,4566,1
1844,4570,70,87
1845,4573,13,80,61
1846,4576,4,55,64,19
1847,4580,11,18
1848,4582,84,93,89
1849,4584,3,45,8
1850,4585,70,73,56
1851,4588,13,31
1852,4591,83,18,57
1853,4595,13,43,63,21
1854,4599,55,80
1855,4601,69,13
1856,4605,52,13,69,11
1857,4609,60
1858,4611,89,88,45,11
1859,4614,7,85
1860,4615,96
1861,4619,93,17,66,97
1862,4623,30,75,25
1863,4627,95
1864,4629,73,68
1865,4631,14,32,47
1866,4632,68,59
1867,4633,89,54,16
1868,4634,10
1869,4636,27,5
1870,4638,17,15,5,74
1871,4642,24,89,22
1872,4644,33,77
1873,4648,37
1874,4649,61,55,39,51
1875,4653,84,54,62
1876,4657,84,5
1877,4659,37,94
1878,4661,60,27,30
1879,4664,67
1880,4668,51,94
1881,4672,55,1,73
1882,4673,39,53,81,14
1883,4677,28
1884,4681,16,51,62,9
1885,4682,25,56
1886,4683,73,60,88
1887,4686,34,57
1888,4688,80
1889,4690,77,51
1890,4694,37,57
1891,4697,42,23,71
1892,4700,12
1893,4702,63
1894,4703,69,59
1895,4706,53,88
1896,4709,85
1897,4711,62
1898,4712,63,76,24
1899,4714,91
1900,4715,47,58
1901,4717,22,11,81,90
1902,4720,52,43
1903,4723,71,54
1904,4727,66,72,85
1905,4731,40,3
1906,4733,12,17,95,48
1907,4736,76
1908,4738,25,63,26,91
1909,4740,42
1910,4743,69,20,76
1911,4747,6,49,68,98
1912,4750,31,3
1913,4754,55,56,25
1914,4757,2,55,53,21
1915,4761,23,90
1916,4765,81
1917,4769,23,45
1918,4770,41
1919,4771,43,9
1920,4775,64,29,5,85
1921,4778,72,42,78,62
1922,4782,33
1923,4785,38,78
1924,4788,66,77,5
1925,4791,28,10
1926,4793,25
1927,4795,69,18
1928,4798,67,22,12
1929,4799,94,21,68
1930,4802,29,91,85,36
1931,4805,84,30,99
1932,4806,29,80,37
1933,4809,70,20
1934,4811,71,65,58
1935,4812,1,87,88
1936,4815,63,97,68
1937,4817,97
1938,4819,64,80,90
1939,4821,25,86,99,15
1940,4824,72
1941,4828,55,39
1942,4830,60,18,53,78
1943,4834,58,87,84
1944,4835,71,66,6,12
1945,4836,91,48
1946,4838,43,64
1947,4842,19
1948,4843,5,8,33,16
1949,4845,89,38
1950,4847,32,32,73
1951,4848,53,1
1952,4849,2,26
1953,4852,45,19
1954,4856,98
1955,4860,78,32
1956,4861,41,99
1957,4865,95,57,58
1958,4869,78,47
1959,4872,97,2,4,99
1960,4876,60
1961,4879,18,29,40,67
1962,4881,17
1963,4885,88
1964,4888,5,77
1965,4891,24,89,64,82
1966,4895,93
1967,4898,87,17
1968,4901,3,70,44,23
1969,4905,85,39
1970,4907,88,68,47
1971,4908,10,27,74
1972,4910,1,72,55,62
1973,4912,29,81
1974,4913,85,41,95
1975,4914,85,2,45
1976,4916,12
1977,4918,67,34
1978,4919,5,37,51,61
1979,4921,94
1980,4925,38,8,79
1981,4928,68
1982,4931,34
1983,4932,6,5,45
1984,4935,58
1985,4938,97,24,85,13
1986,4939,15,79
1987,4942,7,61,45
1988,4946,9
1989,4950,64,85,73,67
1990,4952,78,77,58,51
1991,4953,43,59,43
1992,4955,33
1993,4957,9,65,48
1994,4961,89
1995,4965,2
1996,4969,38,33
1997,4973,70,17
1998,4974,88
1999,4976,41,66,90,23
