0,4,47,33,69,74
1,7,95,32,47,70
2,8,72,95
3,9,28,41,98,39
4,11,78,38,52,72
5,12,5,65
6,16,12
7,17,96,97,41,38
8,18,14,16,59,92
9,22,18,87,12
10,25,60,20,45,20
11,26,84,42
12,27,51,37,44
13,30,53,3,5
14,32,78,30,20,38
15,35,40,23,59
16,36,87
17,38,12,52,49
18,41,25,12,49,53
19,45,45,38,81
20,48,65
21,51,45,93,42
22,53,99
23,57,29
24,58,23,3,9
25,59,53,8,48,68
26,60,69,25,70
27,62,37,74
28,64,84,55,37
29,67,31
30,71,72,17,9
31,73,60,56,85,15
32,77,22,8,49
33,79,38,95,22
34,83,80
35,87,57,8
36,91,77,39
37,92,79,47
38,94,2,21,5,65
39,97,40
40,101,45,51,25
41,103,72,27
42,107,60,53,68
43,111,74
44,114,95
45,118,5,84
46,121,25,74,64
47,122,83
48,125,10,64,41,99
49,126,5,81,77,5
50,130,33,80
51,132,54
52,134,41
53,138,93,65,74,14
54,142,45,10,23
55,143,55,25
56,147,21
57,148,21
58,151,76,86
59,154,40,25
60,156,39,37
61,157,18,64
62,160,99,71
63,161,90
64,162,20,71,54
65,164,42,96
66,168,62
67,172,14,37,63,23
68,176,80
69,180,60,35,36,7
70,182,67,92,76,59
71,183,96,79,25
72,186,42
73,187,84,50,42
74,188,56,53,50
75,192,82,7,69
76,195,59
77,197,39,31
78,201,81,89,46,6
79,204,48,61,88
80,205,73,38,79,29
81,208,9,67,79
82,210,62,20,56,59
83,211,75,16,17,30
84,215,21,58
85,219,55,46
86,223,39,95,45
87,226,15,86,70
88,227,72,65,49
89,231,22,47,82,84
90,233,41,31,50,46
91,235,89,86,67
92,236,33
93,240,89,41,24
94,242,63,7,32,96
95,246,41
96,250,18
97,253,88,57
98,255,49,28
99,257,42,73,30,56
100,260,60,35
101,263,21,27,42
102,267,33
103,271,68
104,272,48,62,22
105,276,96,69
106,279,25,14,30
107,282,26,63,51
108,284,86,7,98,38
109,286,11,72,78
110,289,82,1
111,293,48,90
112,295,52,44,17,88
113,296,7,23,76,83
114,299,64,99
115,300,30,94,76
116,302,54
117,305,10,2,44
118,307,9
119,310,53,74,64
120,314,30,27
121,318,19,27
122,322,88,45,28,64
123,323,67,32,58,73
124,326,21,56
125,327,39
126,328,90
127,331,85
128,335,28,50,82
129,337,7,90
130,339,71,26
131,340,19
132,344,64,79,17
133,345,70,20,43,85
134,349,14,15
135,351,55
136,355,72,24,74
137,358,20
138,360,17,41,45,73
139,364,70,44
140,368,17,29
141,369,8,69
142,371,43,25,62,60
143,372,97,62
144,376,15
145,380,5,90,26
146,381,7,58,51,96
147,384,89,56
148,388,7,51
149,391,73,77,68,67
150,392,76
151,395,25,53,17
152,397,53,15
153,399,36,44,28,56
154,400,71,58
155,402,40
156,406,55
157,409,71,65,99,31
158,413,75,85
159,414,71,61,8
160,416,18
161,420,60
162,423,86,57,19
163,426,71,23,23
164,427,88,81,85
165,430,71,55,34,3
166,434,75,62
167,437,96,67
168,440,58,37,70,69
169,442,58,2
170,446,58,67,50
171,450,54
172,452,5,56
173,453,15,7,47
174,457,92,60
175,460,2,92,42,88
176,464,31,53
177,466,34
178,469,69
179,471,29,51,29
180,473,34,77,47
181,475,64,18,39
182,479,28,36
183,482,30,3,23
184,484,45,80
185,486,17,80
186,488,71,68,10,52
187,489,78,11,96,62
188,490,40
189,493,3
190,495,21
191,496,48
192,497,96,72,75
193,499,93,65
194,503,55,6,3,65
195,507,63,16,34
196,511,91,84
197,514,70,6,22,89
198,516,29,52,64,97
199,517,91
200,518,59,30
201,522,15,32,24
202,523,53,70,85,88
203,526,25,33,11
204,528,51,88
205,530,38,64,21,33
206,533,36,66
207,534,87,18
208,537,4,62,33,66
209,541,44,46,48,49
210,545,77,83,58,19
211,546,69
212,547,57
213,549,24,30,46
214,550,59
215,551,2
216,553,85,7
217,557,48,37,80,25
218,561,93
219,565,71,81,58,88
220,568,1,49
221,570,86,15,56
222,572,82
223,575,44
224,576,21,90,24,20
225,577,74,91
226,578,4,94
227,581,33,19,22
228,583,86,76
229,586,22,71,32,64
230,589,61
231,590,4,34,10
232,592,83,40,34,12
233,594,22
234,597,52,66,79,24
235,599,64,61,81,4
236,600,29
237,602,17,98
238,605,27,32,58
239,609,67,92,59
240,612,63
241,615,80,68,98
242,619,92,34
243,623,19,18,98,41
244,624,28,85
245,627,32,59
246,628,83,22,88,21
247,632,52
248,634,4
249,635,73,30
250,637,54,63
251,641,65
252,644,29
253,648,90,7,76
254,649,72
255,650,69,75,77
256,651,18,53,11
257,653,86,67
258,657,33,52,66,7
259,661,56,92,17,57
260,664,27,45
261,665,79,83,17,73
262,666,36,27
263,667,99
264,670,99,99
265,674,64
266,675,50,45
267,677,99
268,681,82,71,63,40
269,683,16,99
270,686,33,99,30,97
271,689,88
272,693,32,72
273,697,33,25,37,42
274,701,56,70
275,705,84,23
276,708,12,59
277,712,33,16,53
278,716,97,67,16
279,720,85,29,8
280,724,39,70,39
281,728,42,22,11
282,731,72,26,63
283,733,50
284,734,42
285,735,58,54
286,737,12,94
287,739,34,22,32
288,743,62,68
289,746,83,62
290,748,82,96,36
291,749,99,45,75
292,751,59,58,52
293,754,26,13,90
294,756,97,8
295,757,65
296,760,92,22,52,78
297,762,60,52
298,766,41
299,767,22,2,83,42
300,768,48,7
301,771,99,52
302,775,61,62
303,776,67,75
304,778,48,9
305,781,63,64
306,784,9
307,785,53,16,88,7
308,788,14,51,79
309,792,73,63
310,796,57,99
311,797,25
312,799,11,19,94
313,800,9,89,91,5
314,804,97,46,7
315,808,6,72,63
316,812,84
317,814,95
318,815,69,9,84
319,818,58
320,819,23,80
321,820,50
322,821,34,2,63,29
323,825,64,91,64
324,827,60,19
325,830,17
326,834,11,80
327,838,55,31
328,839,42
329,842,37,79
330,844,32,73
331,848,36
332,849,9,16,88,56
333,853,26
334,857,83
335,859,60,72,20,70
336,862,45,3
337,866,16,54,9,57
338,867,65
339,871,97,3
340,873,32,77
341,875,89,74,54,48
342,876,87,31,75,36
343,877,21,52,64
344,878,61,91,27
345,879,81,15
346,881,74,15
347,885,47,51,95,74
348,887,76,80,58,45
349,890,14,64,90
350,891,91,95,32
351,895,97,8
352,899,35,74,94,20
353,901,30,53,45
354,905,19,26
355,909,22,67
356,911,99,85
357,913,71,83,16,89
358,916,59,53
359,919,2,75,14,30
360,923,70
361,926,97,90,70
362,929,39,52,17,74
363,932,88,73,25,64
364,934,4,11
365,938,75,38,18
366,942,98,95,89
367,943,87,83,36
368,945,35,85
369,948,87,17,58,51
370,951,56,27,99
371,955,26
372,956,45
373,957,90
374,958,30,37,92
375,959,9
376,962,47
377,963,87
378,967,97,43
379,971,66,47,67,28
380,973,93,22
381,974,19,77,82,35
382,978,51
383,979,29,25,99
384,980,95,24,70,70
385,983,50,53
386,987,84
387,989,21
388,990,44
389,994,78,21,53,53
390,997,7,59,89
391,1001,19
392,1004,24,19,61,39
393,1005,51,30
394,1007,93
395,1009,58,23,83
396,1012,63,48
397,1013,86,67,84,42
398,1014,42,8,69,67
399,1018,14,29,39,5
400,1020,12,7,80
401,1024,35
402,1027,66,22,26,70
403,1031,83
404,1034,52,13,22,98
405,1035,2,29
406,1038,96,6,96,18
407,1040,35,62,92,13
408,1043,97
409,1044,11,45,82
410,1047,43,90,37
411,1048,27,21
412,1049,94,77,58,85
413,1050,37,74,49,19
414,1054,38,18,78,11
415,1057,50,40,25
416,1059,35
417,1063,91,68
418,1066,35,18,13,79
419,1069,10,69,64
420,1070,90,23
421,1072,24,56,37,28
422,1075,99
423,1076,67,22,2,5
424,1077,60,26
425,1078,32,1,70
426,1080,33,13,61
427,1081,64
428,1083,47,45,16,76
429,1086,37,59
430,1089,63
431,1092,80
432,1096,53
433,1100,69,23
434,1101,26,81,68
435,1105,32
436,1107,87,96
437,1109,40,96
438,1111,89,30,14,49
439,1112,34,49,44
440,1113,77,1,27
441,1114,69
442,1118,2,3
443,1121,38,82,29,31
444,1123,68
445,1126,34,80,91
446,1128,25
447,1131,79,39,43,55
448,1135,74,8,67,68
449,1139,71,16
450,1142,65,24,82
451,1143,94,79,67,64
452,1147,17,5,14,42
453,1149,9,91,80
454,1153,74,61
455,1157,99,61
456,1159,80,3
457,1160,7,12,32,96
458,1163,71,69
459,1167,83,85,56
460,1170,43,56,21,85
461,1173,76
462,1175,33,10,41,29
463,1178,26,19,34,28
464,1181,56
465,1183,91,32,80,87
466,1186,18
467,1189,28,66,40
468,1193,74,14
469,1194,57,6,76,72
470,1196,69,24
471,1198,15,35,77
472,1200,17,98
473,1201,61,58
474,1202,90,35
475,1206,10
476,1208,45,57,46
477,1212,73,17,62,12
478,1215,71,46,19
479,1216,43,52,27
480,1218,93,51,13
481,1219,8
482,1221,92,49,60,55
483,1222,82,88
484,1226,50,80
485,1229,99,90,14
486,1232,71
487,1233,35,64,15,43
488,1235,94
489,1238,14,98,52,9
490,1242,31
491,1246,3,43,54
492,1248,26,8,57
493,1250,17
494,1254,82,2
495,1257,6,54
496,1261,84
497,1264,76,75,71,28
498,1268,54,20
499,1269,28
500,1272,76,68,83
501,1276,15,86,4
502,1278,22,97
503,1282,32
504,1285,73,51,6,15
505,1286,38,25,30
506,1290,34,71,74,94
507,1292,60,22,48
508,1293,94
509,1296,78
510,1297,35,51,16,61
511,1298,6,6
512,1300,51,62,89,66
513,1302,97,55,30,14
514,1306,25,43,53,8
515,1307,19,83,32,52
516,1310,36,95,71
517,1313,53,40,93,5
518,1315,27,13
519,1316,52
520,1317,59,10,64,48
521,1319,72,31,14,57
522,1320,53,23,95
523,1323,27
524,1326,14,71
525,1330,17,14
526,1331,22,85,81
527,1332,52
528,1334,17,35,72
529,1337,40,11,83,28
530,1338,53,74,83,6
531,1342,1
532,1344,9,70
533,1346,38,93,63
534,1347,10,80
535,1351,11,12,7
536,1355,88,4,51,6
537,1358,93,17,45
538,1359,79,50,6,87
539,1361,14
540,1364,9,4,61,39
541,1366,2,23,50
542,1368,80,52,86
543,1370,62,29,87,4
544,1371,54,81,52
545,1372,11,88,31
546,1374,53,9,15
547,1377,58
548,1379,15
549,1381,40,22
550,1384,98,40,1,36
551,1386,7,50
552,1389,35,19,37
553,1391,9
554,1395,33
555,1397,60,70,10
556,1398,81,89,25
557,1399,7,21,65
558,1402,55
559,1406,14,96,18,72
560,1410,75,61,3,99
561,1413,83,30,64,33
562,1414,38,89,51
563,1417,23
564,1419,82,60
565,1422,29,16,51
566,1423,65,87,47
567,1426,47,8,81,24
568,1428,65,4,7
569,1430,87
570,1434,40
571,1435,82,95
572,1438,20,69,45,74
573,1442,3,76,67,23
574,1444,54,27
575,1447,14
576,1449,6
577,1452,74,70,87
578,1455,8,31,7
579,1456,49,91,66,37
580,1458,88
581,1462,83,20
582,1464,68,13,42,76
583,1468,22
584,1469,96
585,1470,5
586,1473,12,90,84,9
587,1477,85
588,1480,36,6
589,1481,61,20
590,1482,47,85,64
591,1483,22,85,78,79
592,1487,26,71,41,82
593,1491,80,28,82,70
594,1492,83
595,1496,9,15,67,89
596,1499,72,12
597,1501,39
598,1502,41
599,1505,53,40
600,1508,45,51,95,87
601,1512,5,17,21,5
602,1515,1,23
603,1518,68,75
604,1520,86
605,1521,56,12,9
606,1524,88
607,1528,83,72
608,1529,69
609,1533,6,44,89,85
610,1534,82,70,72
611,1535,35
612,1537,2,2,40
613,1538,83,85,87,30
614,1542,40,69,41
615,1543,17,76,17
616,1546,95,25,18
617,1548,33,84,2,19
618,1550,53,67
619,1552,4
620,1554,56
621,1558,46
622,1562,93,92,54,13
623,1566,6,32,13,2
624,1568,59,16
625,1570,37,11,24
626,1573,90
627,1575,38,61,16
628,1579,69
629,1581,42,80,45
630,1582,51,95,45
631,1586,82
632,1588,66,31
633,1590,55
634,1592,16,45,73,40
635,1594,6,35
636,1596,96
637,1598,38,86
638,1600,73,22,11
639,1603,54,68
640,1607,16,25,79
641,1611,30
642,1615,90
643,1617,59
644,1619,86,9
645,1623,39,44
646,1624,89,11,53
647,1628,14
648,1629,89,17,38,66
649,1630,92,84
650,1634,58
651,1637,78,30
652,1638,38,50,93,59
653,1642,4,32
654,1643,70,80,92
655,1646,97,98
656,1647,55
657,1648,21,53,25
658,1651,88,16,27
659,1655,85,89
660,1657,44
661,1660,91
662,1664,92
663,1665,39
664,1666,36,45,96,40
665,1667,75,38
666,1671,22,55,3
667,1674,4,86
668,1678,69,55,52,14
669,1682,73
670,1685,96
671,1686,38,70,51
672,1690,21,33,75
673,1694,69
674,1695,30,6
675,1698,55,26,37
676,1701,48,38,72
677,1705,30,6
678,1709,39,17
679,1710,57,82,52
680,1711,10,59
681,1713,47,31,94
682,1717,53,50,79
683,1720,78,68,96
684,1724,80,81,35
685,1728,55,19,31,44
686,1732,50,70,71,76
687,1734,20,71,26,89
688,1737,82,23,15
689,1740,83
690,1742,19,80,23,15
691,1743,21,77,39
692,1746,68,56,26
693,1749,67,18,30
694,1751,85
695,1755,51
696,1757,48,53,16
697,1761,5,83
698,1765,33,6,94,94
699,1766,2,18,73
700,1767,22
701,1768,3
702,1771,83,51,96
703,1775,43,60,73
704,1776,46,97,80
705,1780,96
706,1782,2,21,90
707,1783,76,26,43,52
708,1786,23,34,11
709,1790,59,60
710,1791,5,10,1,87
711,1794,90
712,1797,11,94,46
713,1799,54,11,38
714,1803,6,4,54
715,1804,79,31,67
716,1807,90,87,60,6
717,1809,15,91
718,1811,78,94,28,22
719,1814,65,52,43,56
720,1818,19,99
721,1819,33
722,1823,64,4
723,1826,10
724,1829,31,45,15,2
725,1830,29,16
726,1833,22,27
727,1836,76,48
728,1839,17,52
729,1840,17
730,1841,42
731,1843,54,85,23
732,1846,39,33
733,1849,78,40,13,3
734,1850,59,27,23,3
735,1853,42
736,1854,77
737,1858,89,24
738,1860,29,98
739,1861,71,49,60
740,1862,19,38
741,1863,10,17,89
742,1865,25
743,1869,84,14
744,1872,62
745,1876,49,63,17,96
746,1880,95,74,25
747,1884,61,81,51,65
748,1887,85
749,1888,5,12,60,55
750,1889,57,68
751,1890,40,5,97,3
752,1893,81,85
753,1894,79
754,1895,91,61,76
755,1897,30
756,1901,63,22,23
757,1904,65,36,74,64
758,1905,96,83,65
759,1907,34,55,31
760,1911,45,35,10,58
761,1912,71,89,7
762,1915,80,40,54
763,1916,2,25,2
764,1919,2,24,63
765,1923,4
766,1926,4,42,41
767,1929,73
768,1931,82
769,1933,22,38,75
770,1934,56,19
771,1938,64
772,1941,72,72
773,1944,80,36
774,1948,22
775,1952,47,25,22
776,1956,82
777,1959,23,37,1,73
778,1962,74,86,37
779,1965,40
780,1969,69,58,70,96
781,1970,25,80,53
782,1974,21,99,8,99
783,1976,5,87,10
784,1977,86,45,63
785,1981,10
786,1982,63,10
787,1984,15
788,1988,90,83,10
789,1992,5,2,8,65
790,1995,72,94,69,7
791,1999,68
792,2001,48,99,18,38
793,2004,38,49
794,2007,46,37,88,27
795,2010,96,82
796,2012,32,12
797,2015,98,23,12
798,2019,46
799,2022,20
800,2025,69,14,46
801,2029,91
802,2031,39,95,15
803,2035,96
804,2038,79,20,42
805,2041,6,56,89,73
806,2045,38,78,95
807,2046,12,35,13,52
808,2050,40,33,28,7
809,2051,18,69,25
810,2054,83,95,6,31
811,2058,76
812,2060,63,61
813,2063,2,23,6,83
814,2064,47,44,62
815,2067,74,12
816,2071,98,23,53,66
817,2073,20,57,27,63
818,2075,37
819,2077,19,72
820,2079,59,45,94,77
821,2082,56
822,2085,38,67
823,2086,69
824,2089,54,52,20
825,2093,26,49
826,2096,13
827,2099,71,99
828,2100,14,83,77
829,2101,16
830,2103,13,10,32,20
831,2105,87,32
832,2107,32,42,32
833,2111,20,89,47
834,2112,14
835,2116,7,73,78
836,2120,45,59
837,2121,43,75,71,21
838,2122,54
839,2126,59
840,2128,25,2,2,53
841,2130,26,27,66
842,2131,77,59,93,66
843,2135,72,70,13
844,2138,65
845,2139,78,39
846,2142,47
847,2144,32,50
848,2148,62
849,2149,53
850,2153,73,21,52,46
851,2154,61,23,20
852,2157,51,85,78,36
853,2160,81,46
854,2163,19
855,2167,4,20
856,2168,18
857,2170,41
858,2171,71,17
859,2172,47,54
860,2174,78
861,2178,18,74,56
862,2180,18
863,2181,34,67
864,2183,51,19
865,2184,65,64,16
866,2187,8
867,2188,48,18,7,18
868,2192,81
869,2195,79,70
870,2199,79
871,2202,70,66,68
872,2204,59,26,7
873,2206,78,94,1
874,2208,92,95,30,22
875,2212,38
876,2214,90
877,2216,36
878,2217,99
879,2218,81
880,2220,98,47
881,2223,64,69,8
882,2227,51,61,74
883,2230,71,14
884,2232,50,27,85,4
885,2235,87
886,2236,4,65,87
887,2240,84,50
888,2242,43
889,2246,43
890,2249,47
891,2252,38,65,35
892,2253,63
893,2256,86,52,43
894,2259,8,23,73
895,2263,56,95
896,2266,13
897,2267,29,40,64,11
898,2270,67,93,18
899,2271,43,27,52
900,2272,94,58,93
901,2275,73,31,8
902,2278,94
903,2279,39,24,89
904,2280,2,14
905,2282,49,45,79
906,2286,96,28
907,2288,82,22,74
908,2289,20,61,22,87
909,2290,17
910,2293,90,94,80,26
911,2296,61,98,65,88
912,2300,88,31,95
913,2302,93
914,2304,11,47,38,4
915,2307,21,65,98
916,2310,47,9
917,2312,82,74,38,11
918,2313,16,91
919,2315,83,20,1
920,2316,34
921,2320,25,58,27
922,2321,3,38,13
923,2323,20,53,14
924,2324,85,27
925,2328,39,64
926,2329,87
927,2333,44,61,60
928,2335,64
929,2339,96,94,4
930,2342,98,68
931,2344,82
932,2348,84,36,28,86
933,2352,73,3,55,70
934,2356,10,24
935,2360,90
936,2361,56,2
937,2364,93,75,88,67
938,2368,7,75,31
939,2371,85,21,34,7
940,2375,84,57,34
941,2376,78,53,96
942,2379,31
943,2382,17
944,2385,32,55
945,2388,5,98
946,2392,80,48,72,62
947,2395,53,69
948,2398,40,97,84,90
949,2399,21,44,78,14
950,2402,65,38
951,2404,38,5,94,24
952,2406,18,47,67
953,2410,12,49,64,5
954,2413,39,73,69
955,2417,96
956,2418,63,90,10,62
957,2420,49,15,98
958,2422,35,53,63,99
959,2426,70,31,89,35
960,2428,69,86,34,5
961,2429,20,33,42
962,2433,32,27
963,2437,80,41,53
964,2441,14,2
965,2442,6,37,10,74
966,2443,38
967,2445,77,25
968,2446,50
969,2448,29,86
970,2451,59,54,20
971,2453,14,18
972,2457,94,60,79
973,2459,67,74,19,97
974,2461,18
975,2463,57,44,74,99
976,2466,82,48
977,2469,59,54,13,62
978,2471,78,29,11
979,2474,75,16
980,2476,64,28,65
981,2477,27
982,2479,65,55,98
983,2480,17,97,15,77
984,2484,30,26
985,2485,30,98,80,33
986,2487,93
987,2490,69
988,2492,21,57
989,2496,49,56,19
990,2498,69,39,43,88
991,2501,62,9,5
992,2505,8,55
993,2507,75,99,49,91
994,2509,97,35
995,2511,97
996,2514,67
997,2518,38
998,2522,1,31,77
999,2523,40,7,70,43
1000,2527,56,4
1001,2528,47,99,72
1002,2531,31
1003,2533,24,55
1004,2534,4,5,5,20
1005,2537,59
1006,2539,5,94,52,52
1007,2543,70,9,59
1008,2545,65,40,31
1009,2546,93,70,66
1010,2547,21
1011,2549,14,38,87
1012,2550,28,79,11,93
1013,2551,58,77,75,24
1014,2553,49,40
1015,2556,28,92,56,14
1016,2559,25,80,43,96
1017,2563,74,36
1018,2567,58
1019,2569,18,79,23
1020,2572,92,54,47,44
1021,2575,31
1022,2579,70,42,7,37
1023,2581,50,84,97,13
1024,2585,27,66
1025,2589,1,29
1026,2590,54,68,40,10
1027,2591,54,22,16
1028,2592,94,63
1029,2594,91,9
1030,2598,6
1031,2599,73
1032,2602,35,57,26,97
1033,2605,58,59,71,34
1034,2608,81,30,15
1035,2609,7,64,73,58
1036,2613,84
1037,2615,49,68,22
1038,2617,21
1039,2621,24,49,5,89
1040,2625,75,53,32,47
1041,2628,34,79,12
1042,2629,69,55
1043,2630,68
1044,2634,28,92
1045,2635,75,27,71,22
1046,2639,30,39,53,15
1047,2643,63,1,39,96
1048,2646,37,2,79
1049,2648,89,62
1050,2649,20
1051,2652,23
1052,2655,82,71,75,3
1053,2659,8
1054,2661,92,50
1055,2663,60,42
1056,2666,74,63,44
1057,2669,11,41,74,59
1058,2670,25,45,48,71
1059,2674,4,10,35,46
1060,2676,37,51
1061,2678,39
1062,2680,33,42,35,45
1063,2681,47,23,75,17
1064,2684,45,47
1065,2686,1,97
1066,2689,64
1067,2692,22
1068,2696,20
1069,2700,17
1070,2702,3,50,43
1071,2703,49,4,62
1072,2707,16,31
1073,2711,38,42
1074,2715,84
1075,2717,61,89
1076,2719,75,88
1077,2723,8
1078,2724,98
1079,2725,65,35
1080,2726,96,75,88,45
1081,2728,78,6,42,15
1082,2729,30,92,37
1083,2731,41,29,4,32
1084,2734,36,42,43
1085,2737,66,42
1086,2740,8,19,95,89
1087,2741,55,45
1088,2742,87,79
1089,2743,27,39,44
1090,2747,55
1091,2751,61
1092,2753,12
1093,2755,91,18
1094,2756,37
1095,2757,23,69,81,73
1096,2758,8,16,1,39
1097,2760,28
1098,2762,79,57
1099,2763,8
1100,2766,37,88,36,86
1101,2770,83,76,83,47
1102,2774,69
1103,2775,4,1
1104,2776,21
1105,2779,83
1106,2782,34,25
1107,2784,42,20
1108,2788,80
1109,2789,66,62,88,30
1110,2793,79,23,56,54
1111,2796,25,93,84,96
1112,2799,3,30
1113,2803,86,53
1114,2807,99
1115,2811,53,90,11
1116,2812,87
1117,2816,83,87,53
1118,2820,1,61,93,5
1119,2823,83,71,34
1120,2824,94,45,57
1121,2825,49
1122,2826,26,50
1123,2827,2,97
1124,2828,9,9,60
1125,2829,96,57,88,24
1126,2833,39,38
1127,2834,55,97,42
1128,2836,46,2,32
1129,2839,90,36,19
1130,2840,7,74,72,6
1131,2843,99,92,74,49
1132,2846,4,84,60
1133,2847,38
1134,2851,25,64
1135,2852,86
1136,2853,8
1137,2857,50
1138,2860,65,68,95
1139,2864,51,61
1140,2867,81,85,13
1141,2868,68,42,93
1142,2869,45,17
1143,2871,53
1144,2874,65,59,17
1145,2875,30,21,33,88
1146,2878,12,43,12
1147,2881,24,65,97,9
1148,2885,7,19,69
1149,2886,52
1150,2889,52
1151,2890,28,1,29,95
1152,2892,73,61,18
1153,2895,95,79,48
1154,2899,88,28,34
1155,2902,70,89
1156,2906,60
1157,2909,11,15,1,40
1158,2912,32,74,43,80
1159,2916,68,28
1160,2918,37
1161,2922,96
1162,2926,25,82
1163,2929,66
1164,2931,77,38,53
1165,2934,44,5,36,48
1166,2937,96,1,51
1167,2938,57
1168,2942,59,14
1169,2943,68,40,58
1170,2947,4,55,44
1171,2950,65
1172,2952,95,73,79
1173,2955,51
1174,2958,4,24
1175,2960,24,11,16
1176,2961,85,88
1177,2965,15,18,47
1178,2967,49,62,82,50
1179,2968,68,13
1180,2969,63
1181,2973,11,71
1182,2976,28
1183,2979,77,6
1184,2982,62,50,51,33
1185,2986,51,25,58
1186,2987,18,61,87
1187,2988,8,25
1188,2992,62
1189,2994,33,49
1190,2995,2,70,44
1191,2997,35,57,86
1192,2999,65
1193,3000,75,53
1194,3003,93,21
1195,3005,99,66,7
1196,3006,47,74
1197,3007,34,37
1198,3011,76,65,35
1199,3012,58
1200,3013,85,44
1201,3015,82,34,34,72
1202,3018,72,3,68,13
1203,3021,35,22,24
1204,3022,26
1205,3024,42
1206,3027,48,12,7
1207,3031,82,19,6,16
1208,3035,68,34
1209,3036,16,45
1210,3038,25,35,63
1211,3039,49
1212,3040,91,44,66,18
1213,3043,8
1214,3046,60,11
1215,3049,79,47
1216,3051,54,65,94,11
1217,3055,54,54
1218,3057,93
1219,3059,64,5,78
1220,3062,24,2,59,68
1221,3064,78
1222,3067,67
1223,3070,63,94,59,77
1224,3073,30,25
1225,3075,78,11,30
1226,3077,72,68,49
1227,3078,33
1228,3081,46,56,16
1229,3082,65,43,32
1230,3084,53,49
1231,3088,88,53
1232,3090,13,24,3,71
1233,3091,67,49,85,57
1234,3092,37,35
1235,3096,27,35
1236,3098,84,61
1237,3102,18,15,13
1238,3104,81,25,65
1239,3108,80,17,92
1240,3109,38,74,71
1241,3110,31,33,37,28
1242,3113,72,34,78
1243,3114,71
1244,3116,89,47
1245,3117,51,18,76,26
1246,3121,84,9,16
1247,3125,61
1248,3126,21
1249,3130,21,54,89
1250,3133,99,45
1251,3136,36,99,63,72
1252,3137,32,23,78
1253,3141,79
1254,3143,91,46,72
1255,3146,79,53
1256,3147,2,57,99
1257,3149,16,4,91,31
1258,3153,38,4
1259,3155,45
1260,3158,89,87,33,67
1261,3160,38
1262,3163,77,34,80
1263,3164,12,77,82,60
1264,3166,8,27,59
1265,3169,38,95,96,54
1266,3170,77,6
1267,3171,12,17,7,68
1268,3174,33
1269,3177,66,29,4,63
1270,3178,94
1271,3182,22,26,48,21
1272,3185,48,77
1273,3186,55,76
1274,3188,76,61,43,63
1275,3190,1,68,95
1276,3194,93,75,66,35
1277,3197,63,4
1278,3201,53,14,73
1279,3203,31,91,26,72
1280,3204,2
1281,3207,5
1282,3209,58
1283,3212,33,75
1284,3216,93,68,51,60
1285,3219,46
1286,3223,42,79
1287,3227,62,14
1288,3228,70
1289,3229,82,36,94,86
1290,3233,59,68,24,67
1291,3234,7
1292,3237,44
1293,3240,29,87,1
1294,3241,50,34
1295,3243,95,10,61
1296,3245,33,52,62
1297,3247,81,84,30
1298,3249,65,17,97
1299,3252,86,94,90,37
1300,3254,75,28
1301,3258,21
1302,3260,2
1303,3264,11
1304,3267,17
1305,3269,28
1306,3273,76,22,10,13
1307,3276,78,62
1308,3278,9,74,86,10
1309,3282,5,65,17
1310,3284,64
1311,3285,47,10
1312,3289,76,46
1313,3292,89
1314,3293,60
1315,3297,39,17
1316,3300,80,75
1317,3304,96,92
1318,3306,86,54
1319,3308,58,70
1320,3311,49,13
1321,3312,87,59
1322,3314,99,35
1323,3316,61
1324,3317,28,60
1325,3319,13,69,64,85
1326,3322,25,16,82,95
1327,3326,90,60
1328,3328,16
1329,3329,99
1330,3330,35,10
1331,3332,7,67
1332,3335,34
1333,3337,66
1334,3341,39
1335,3342,56,25
1336,3346,9
1337,3350,61,40,4,10
1338,3351,64,87,68
1339,3355,73,50
1340,3356,29
1341,3360,47
1342,3362,5,45,24,53
1343,3366,57,17,84,63
1344,3368,93,38
1345,3371,26,89,68,21
1346,3373,44
1347,3374,46,93,73
1348,3378,79,34
1349,3380,19
1350,3384,24,51,99
1351,3388,95
1352,3389,43,18
1353,3390,69,52
1354,3394,36,9
1355,3396,72,35
1356,3397,66
1357,3401,6,18
1358,3405,28
1359,3408,77,45,44,59
1360,3412,9,51
1361,3416,78,20
1362,3417,77
1363,3420,3,43,40,34
1364,3423,55
1365,3427,31,8,77
1366,3429,79,85,60,84
1367,3430,78,73,19
1368,3433,5,11
1369,3437,57,39,56
1370,3441,86,10,38
1371,3444,21
1372,3446,80,27,83
1373,3450,48
1374,3452,62,78,23
1375,3454,7,19,31,88
1376,3455,74,12,27
1377,3456,58
1378,3460,10,62,12
1379,3461,44,12,21
1380,3464,2,19
1381,3467,32,58,87,42
1382,3470,29
1383,3474,40
1384,3477,74
1385,3480,75,74,3,51
1386,3483,94,75
1387,3484,41
1388,3487,11
1389,3491,86,48,62,45
1390,3493,39
1391,3495,88
1392,3499,54
1393,3502,65
1394,3506,70,38,12
1395,3510,71,35
1396,3512,92,19,10,14
1397,3513,72,90,78
1398,3516,51,9,52
1399,3519,35,54,26
1400,3523,11
1401,3526,63,96
1402,3529,88,50,63
1403,3532,81
1404,3534,76,8,53
1405,3535,90
1406,3537,75
1407,3541,22,24,32,94
1408,3543,97,44
1409,3546,81
1410,3547,31,94
1411,3548,10,62,98
1412,3550,81,27
1413,3552,40,28
1414,3555,91
1415,3557,86
1416,3559,71
1417,3561,46,82
1418,3563,98,69
1419,3565,32
1420,3569,47,20
1421,3573,7
1422,3574,42,78,66
1423,3577,41,3,77
1424,3580,85,51,68,4
1425,3583,64,5
1426,3584,8
1427,3586,28,50
1428,3589,79
1429,3591,11,40
1430,3595,44,22
1431,3597,11,43
1432,3601,71,43
1433,3605,63
1434,3608,43,98
1435,3609,3,32,26,52
1436,3613,98,38
1437,3616,57,52
1438,3620,88,39,73,52
1439,3621,28,78,79,30
1440,3625,29,63,67,29
1441,3628,2,92
1442,3632,15,40,63
1443,3635,61,93,73,7
1444,3637,56,45
1445,3640,91,16
1446,3643,11,1
1447,3645,9,97,18,13
1448,3647,52,66,53,44
1449,3649,47,83,58,71
1450,3652,78,4,36,66
1451,3655,15,22,66
1452,3656,5
1453,3658,3,99,24
1454,3659,77,67,73
1455,3661,20,89,91
1456,3662,37,82,96
1457,3665,82,37
1458,3667,11,5,27
1459,3668,97
1460,3669,98,12,80,61
1461,3673,40,49,57
1462,3675,68
1463,3677,67
1464,3680,97,66,9
1465,3683,83,29
1466,3685,88,85
1467,3687,75,80,90,72
1468,3688,53
1469,3692,27,99,59
1470,3694,97
1471,3698,83,95,46
1472,3699,53,64,95
1473,3702,60,39
1474,3705,49
1475,3706,1
1476,3710,94
1477,3713,76,51,47
1478,3716,44,89,84
1479,3720,41,87,33,47
1480,3723,13
1481,3727,14,76,3,50
1482,3728,57,64,54,10
1483,3730,61,56,29
1484,3734,53,88,52
1485,3736,71,21,80,91
1486,3737,86,17
1487,3738,71,87,28,19
1488,3741,13,60,8,74
1489,3744,16,8,90,31
1490,3746,36
1491,3747,35,71,48,46
1492,3750,51,87,8,30
1493,3752,4,68,45
1494,3755,66,99,20
1495,3758,17,48,88,41
1496,3762,99,16,50,62
1497,3766,76,69,30
1498,3770,81
1499,3774,82,96
1500,3776,15
1501,3779,57,59,73
1502,3783,74,66
1503,3784,64,47,34,2
1504,3785,66,98,69,27
1505,3789,48,11,21
1506,3792,89,69
1507,3795,62,38
1508,3798,75,44,29,44
1509,3802,63,8,82
1510,3803,1
1511,3806,28,2,76
1512,3809,39,49,67
1513,3812,15,76,60,86
1514,3814,72,77,49
1515,3816,6,62,66,34
1516,3817,45,48
1517,3820,92,9
1518,3824,79,25
1519,3827,10
1520,3829,63,26,40,25
1521,3830,45
1522,3833,47,44
1523,3836,69,82,9,41
1524,3839,2,1,93,48
1525,3842,18
1526,3845,37,24,65
1527,3847,69,87,92
1528,3849,89,86,43
1529,3853,56,5,36
1530,3857,2,41,24,42
1531,3858,29,3,48,90
1532,3862,89,47,94,57
1533,3865,38,64
1534,3866,19,38
1535,3870,11,59,66
1536,3872,84
1537,3876,74,82,43,42
1538,3877,80,3
1539,3879,8,64,18,11
1540,3881,88,42,94,48
1541,3884,38
1542,3888,39,81
1543,3890,19
1544,3891,88,6,60,55
1545,3895,13,28,16
1546,3897,17,59,50,59
1547,3900,5,25,25,77
1548,3903,34,2,77
1549,3905,48,19,53,20
1550,3907,96,28,21,31
1551,3909,83,10,82
1552,3910,60
1553,3912,87,13,39,98
1554,3916,84,49,77,38
1555,3920,90,57
1556,3921,57,54
1557,3923,52,4,94,80
1558,3924,56,3
1559,3928,24,22
1560,3931,50,87,76,3
1561,3932,85,12
1562,3936,38,12,28,65
1563,3940,65,45,27
1564,3941,78,73,52,52
1565,3942,63,8,64,52
1566,3943,15
1567,3944,43,92
1568,3945,21,35,25,3
1569,3949,96,43
1570,3950,88
1571,3951,91,77
1572,3952,47,96,63,12
1573,3953,77,26,21,15
1574,3957,30,79
1575,3961,26,92,72,77
1576,3963,22
1577,3966,33,48,88
1578,3969,85,4,34
1579,3971,70,69,28
1580,3973,24
1581,3976,56,82,87
1582,3979,33
1583,3980,89,37
1584,3984,22,79
1585,3985,4
1586,3987,15,43,59,15
1587,3991,63,54
1588,3992,63,7
1589,3995,74,60,90
1590,3999,91,88,20,84
1591,4003,53,60
1592,4006,44
1593,4008,54,3,20,48
1594,4011,65,92,67
1595,4012,71,45
1596,4016,49,97,17,62
1597,4020,20
1598,4021,81
1599,4023,58,17
1600,4026,83
1601,4027,24,63
1602,4030,85,31,59,87
1603,4031,72,51,62
1604,4034,57,1
1605,4035,41
1606,4036,74,12
1607,4039,81,65
1608,4041,74,67,15
1609,4043,15
1610,4047,74
1611,4050,91,84,55,48
1612,4053,21,53,33,20
1613,4055,95
1614,4058,42
1615,4061,81,9,71
1616,4065,88,29
1617,4067,36
1618,4071,30,47,47
1619,4075,96,73,50,98
1620,4078,42
1621,4082,99,87,31,1
1622,4084,71,79,48,88
1623,4088,72,44,56
1624,4092,48,7,62
1625,4095,8
1626,4096,28,19,82,11
1627,4098,66
1628,4101,93,71
1629,4104,29
1630,4108,75,29,81
1631,4111,49
1632,4113,19,2,83,47
1633,4115,81,84,71
1634,4118,31,96,23,11
1635,4120,97,15,57,14
1636,4121,41,36,50
1637,4122,91,13,96,52
1638,4123,47,70
1639,4127,60,85
1640,4131,36
1641,4134,8
1642,4136,25
1643,4138,27,88,47
1644,4141,46,44,3,82
1645,4142,97,44
1646,4145,29
1647,4148,30,41,17
1648,4152,9,45,99
1649,4156,94,85
1650,4158,42,62
1651,4162,82
1652,4166,13,52,88,82
1653,4170,71,53,52,75
1654,4172,98,50,61,76
1655,4173,67,58
1656,4176,34,12
1657,4180,24,80,33,69
1658,4184,57,16
1659,4187,35
1660,4188,28,35,27
1661,4191,44
1662,4192,99,52
1663,4196,77,41,46,20
1664,4199,24
1665,4202,67,60,33
1666,4205,97,41,3,83
1667,4206,48,79
1668,4209,56,52,54,27
1669,4213,64,19,64,23
1670,4217,95
1671,4221,64
1672,4225,21
1673,4228,92,71
1674,4231,7,35
1675,4235,98
1676,4237,69,50,24
1677,4239,15
1678,4242,9,89,54
1679,4243,99
1680,4245,60,55,24
1681,4248,53
1682,4249,30,27,30
1683,4253,2
1684,4255,26,45,28
1685,4257,32,33,72
1686,4261,11,42,2,31
1687,4264,52,77,70,33
1688,4268,47,36
1689,4269,95,70
1690,4271,24,54
1691,4272,52,23
1692,4275,21,82,63
1693,4278,66
1694,4282,24,28,33,90
1695,4286,25
1696,4290,82,94
1697,4294,77
1698,4298,43,87,95,71
1699,4300,46,73,58
1700,4301,71,11,77,72
1701,4303,94
1702,4307,19,65,62
1703,4311,16,91,53
1704,4312,19,83,79
1705,4313,42
1706,4316,99
1707,4318,56,92,25,65
1708,4320,77,99,86
1709,4321,10,22,20
1710,4325,82,11,31,44
1711,4329,37
1712,4333,56
1713,4336,1,4,92
1714,4339,30,72,63,89
1715,4341,33
1716,4344,72,70,81,9
1717,4346,89
1718,4350,87,35,57,36
1719,4353,6,48,91
1720,4355,4,26,66
1721,4358,44,88,23
1722,4360,36,4
1723,4364,62,67,21,20
1724,4366,49
1725,4368,48
1726,4369,92,75,66
1727,4372,2,76,48,55
1728,4376,42,12,8,64
1729,4380,23,39,15,79
1730,4384,33
1731,4387,12,34
1732,4388,95,53,98,64
1733,4391,1,33,33
1734,4395,22,99,58,12
1735,4398,86
1736,4401,23,16,91
1737,4404,37,61,70,38
1738,4407,99,56,72,65
1739,4408,29,92,32,33
1740,4412,33,2,47
1741,4415,63,1
1742,4416,26,99
1743,4417,9,91,94
1744,4419,13,43,72
1745,4422,91,11
1746,4424,6,4,54,43
1747,4427,73,90
1748,4428,93
1749,4431,50,21,96,49
1750,4432,32,21
1751,4435,52,57,98,33
1752,4437,77,3,72,43
1753,4441,90,71,99
1754,4444,43,67,77
1755,4446,74
1756,4449,38,45,36
1757,4450,75,38,93
1758,4453,71
1759,4455,59,66,46
1760,4458,90,30
1761,4460,85,72,97
1762,4461,86,40
1763,4465,91,44
1764,4469,3
1765,4471,99,18,89,62
1766,4474,75,39,29,45
1767,4475,59,30
1768,4476,88,59
1769,4480,69,19,28
1770,4483,58,24,6,31
1771,4485,69,57,27,89
1772,4488,60,21,55,52
1773,4489,34,22,47,53
1774,4490,91,93,9,56
1775,4492,17,75,35,83
1776,4493,98,6,65,4
1777,4494,94
1778,4497,40,90
1779,4500,34,58,51
1780,4501,27,43,82
1781,4503,17,9,3
1782,4505,25,10,94
1783,4506,14
1784,4510,79
1785,4512,29
1786,4513,33,52
1787,4517,24,94,39
1788,4521,64
1789,4523,61
1790,4527,79,19,73
1791,4531,4,7
1792,4535,66,54,14,2
1793,4537,43,62,2,48
1794,4540,88
1795,4543,61,12
1796,4546,55
1797,4547,97,51,27
1798,4548,71,95,53
1799,4551,42
1800,4553,60,88,40
1801,4557,64,85,96,29
1802,4561,22,34,34,69
1803,4564,89
1804,4566,4,63,37
1805,4567,75,39,17,25
1806,4571,78
1807,4575,11,13,60,61
1808,4578,43
1809,4579,49,4,44,84
1810,4580,4
1811,4583,42,51,74,59
1812,4586,52,16,20
1813,4588,76,9
1814,4589,32,62,85,67
1815,4590,95,84
1816,4594,42
1817,4596,56,38,8
1818,4598,81,44,84
1819,4599,63,34
1820,4601,76,84,76
1821,4602,80,48
1822,4605,16,92
1823,4608,54,51
1824,4611,52,23,16
1825,4612,38,13
1826,4613,86,72,11
1827,4616,55
1828,4619,25,10,57,33
1829,4621,17,71
1830,4623,65,84,7,64
1831,4625,40,70
1832,4627,78,78
1833,4631,74
1834,4632,80,13
1835,4633,3
1836,4634,45,32
1837,4638,33,69,89
1838,4640,99,52,56
1839,4643,43,29,37
1840,4646,71,1
1841,4649,44
1842,4652,18,35
1843,4653,81
1844,4654,64,22
1845,4657,61
1846,4658,56,97,11,74
1847,4659,57,27,31
1848,4660,86,28,36
1849,4663,31,93,64,84
1850,4665,43,89,39
1851,4666,9
1852,4669,12
1853,4670,99,99,47
1854,4672,74,16,64,89
1855,4674,75
1856,4676,58
1857,4680,31
1858,4683,8,80
1859,4686,75
1860,4687,17,13,83
1861,4689,33,19,99,62
1862,4691,51,58
1863,4694,26,51,10,11
1864,4696,92,40,20,58
1865,4699,70
1866,4702,45,21,37
1867,4705,61
1868,4707,60
1869,4709,82,31,48
1870,4710,71,68,16
1871,4714,52,74,81,88
1872,4716,6,16,30
1873,4718,93,32
1874,4720,20,83,13
1875,4722,36,41
1876,4725,63,47
1877,4729,20,85
1878,4732,41,35,84
1879,4736,98,71
1880,4739,46,1,22
1881,4742,23
1882,4743,84,66
1883,4744,21
1884,4747,74,61,76,34
1885,4751,44
1886,4754,93,96
1887,4755,52,73,99,30
1888,4759,84,71
1889,4763,61
1890,4765,13,30,29
1891,4768,12,52
1892,4771,92,62,2,21
1893,4773,72,27
1894,4777,37,7
1895,4779,84,94
1896,4781,30,95,54
1897,4782,1,95,82
1898,4783,10,16,42
1899,4787,21,64,64,63
1900,4790,22
1901,4794,49
1902,4795,94,23
1903,4799,63,77
1904,4801,10
1905,4805,48,98,2
1906,4807,96,9,28,48
1907,4811,5,81,65
1908,4815,2,96,86,47
1909,4816,76,68,29,90
1910,4820,87,82,81,77
1911,4822,61,36,68
1912,4824,87,2,8
1913,4827,47,20,9
1914,4831,38,42
1915,4832,47
1916,4833,2,8
1917,4834,21,80,96,62
1918,4837,6
1919,4838,52,37
1920,4840,81,47,28,77
1921,4842,9
1922,4844,44,23,18,14
1923,4848,3,74
1924,4852,83,27,87
1925,4853,17
1926,4857,79
1927,4858,36,99
1928,4861,54,48,76,77
1929,4862,25,48,96,54
1930,4866,12
1931,4867,24
1932,4868,76,29,16
1933,4871,48,72,97
1934,4875,64,24
1935,4878,12,73,91
1936,4880,58,30,73,10
1937,4884,26
1938,4885,40,87
1939,4886,88,8
1940,4888,9,53
1941,4889,94,87,83
1942,4893,92,12,33
1943,4894,22
1944,4897,59,15
1945,4901,88,41,64,75
1946,4903,88,34,9
1947,4906,76
1948,4907,88,34,98,62
1949,4909,81,21
1950,4912,75,39
1951,4914,1,52
1952,4915,64,97
1953,4919,12
1954,4923,63,56,81
1955,4925,44,20,10
1956,4926,9,65,49,88
1957,4929,42
1958,4933,3,32
1959,4934,78,72
1960,4935,45,94
1961,4936,68
1962,4938,61,88,5,41
1963,4941,96,1,25
1964,4943,80,77,87
1965,4946,43
1966,4950,36,62,39,33
1967,4951,73,52,35
1968,4952,55,44
1969,4953,69,89,31,67
1970,4955,72
1971,4958,40,19
1972,4960,57
1973,4963,92,39,94
1974,4966,95,7
1975,4967,50
1976,4969,3,31,2,70
1977,4971,31
1978,4972,47,30
1979,4976,66,76
1980,4980,8
1981,4983,47,4,15
1982,4984,7,16,20,82
1983,4985,80
1984,4986,60
1985,4989,27,99,2
1986,4992,56,32,86,10
1987,4995,75,7,60
1988,4997,62,26,2,28
1989,5000,7,7,64
1990,5002,59,97,29
1991,5006,26
1992,5009,95,81
1993,5011,49
1994,5014,7,88
1995,5015,29,90
1996,5018,43,96
1997,5021,96,38,58,41
1998,5024,91,47
1999,5025,91,13
