0,2,20,7
1,3,31
2,4,61,65,64
3,7,96
4,10,57
5,14,98
6,16,24
7,17,65,20,5,94
8,18,63
9,19,88,64,45,85
10,22,1,75
11,25,41,3,55
12,28,80,88
13,29,8,20
14,33,36,85
15,35,79,81,7
16,39,54
17,41,69,31,7
18,43,80,49
19,46,69,55
20,48,50,24
21,52,31,69,46
22,56,88,82
23,57,37,20,24
24,60,24,91,45,48
25,64,46,86
26,66,39,24,39
27,70,74,97,75
28,72,83
29,75,28,15,37
30,77,7
31,81,22,37,94,39
32,82,73,56
33,86,2,41,69,23
34,90,18,22,97
35,93,62
36,97,42,12,67
37,100,46,67
38,103,47
39,105,54,84,96,59
40,108,11,95,17,17
41,109,9,3,30
42,111,18,81,91,58
43,112,23,29
44,114,52,24,17
45,118,77,10,38,78
46,119,93,79,56,53
47,123,42,39
48,125,94
49,126,23,77,92
50,129,70,82
51,130,75,96,84,16
52,131,23
53,134,11
54,136,65,27
55,139,28,12,89,20
56,143,90,63,98
57,146,53,11,56
58,150,9,68
59,152,66,83,87
60,156,60,16,70,71
61,160,46,36,25
62,163,20
63,165,14,30
64,169,25
65,170,60,45,61
66,174,57,98,47,60
67,176,70,79,21
68,179,93
69,182,61
70,183,42,92,2,58
71,186,73,16,49,2
72,189,99
73,191,87
74,195,49,7,19
75,199,24
76,203,67,80,6
77,204,78,14,50,18
78,205,39,76
79,208,55
80,211,65,82,53
81,212,57,97,99,90
82,215,7,28,10
83,218,82,97,63,88
84,219,18,54
85,221,61,43,45
86,224,37,7,30
87,227,33
88,229,17,11,20,37
89,230,80,39
90,231,25
91,233,30
92,234,99,21
93,236,36,28,97,42
94,239,17,15,27
95,240,13
96,244,42,15,24,37
97,246,83,57,33,64
98,247,81,82
99,250,60,95,26,44
100,251,89,27,74,91
101,254,48,57
102,257,60,55
103,259,71,35,62,39
104,260,14
105,262,13,70,83,23
106,263,2
107,266,40,88
108,267,23,72,15
109,268,46,19,87,31
110,269,31,77,40,40
111,271,99,22
112,275,51,26
113,276,7,19,92,49
114,279,26,34
115,283,67,90,13,31
116,284,46,91,31
117,285,38,45,55,95
118,287,89,86,11,96
119,289,3,8,90
120,291,32,48,35,73
121,294,33,45,31,94
122,296,69,14,71
123,299,60
124,300,10
125,304,96,65
126,306,34,43
127,308,21
128,311,85,20,55,12
129,315,22
130,316,6
131,319,32,58,78,21
132,323,51
133,326,13,8,74,56
134,329,54,42,83
135,331,98,54
136,332,96,10,79
137,334,65
138,338,99,61,9,44
139,340,50,83
140,344,71,19,62
141,348,35,14,86,66
142,352,71,98,60
143,353,76,34,15
144,357,36
145,358,68
146,362,31,3
147,366,20,15,49
148,368,30,84,28
149,369,39,32,2,12
150,371,38
151,374,12,11,63,32
152,375,56,71,67
153,377,18
154,379,78,14,69,62
155,383,5
156,386,46,27,19
157,389,90,6,50,14
158,390,47,76,3,48
159,393,35,76,56
160,395,5,93
161,399,86,78
162,401,24,21,46
163,403,10,50,38,83
164,406,3,92,36,32
165,410,3
166,413,35,80,14
167,414,81,42,13,71
168,417,58
169,419,56,71,37,21
170,422,84,60,5,93
171,426,82
172,427,85,9,91,57
173,431,3
174,433,23
175,437,78,92,87
176,441,70,47,12,86
177,444,79,13
178,448,81,45
179,450,12,81,43,18
180,454,53
181,456,64,59,54
182,457,97,31,17,26
183,458,19,9
184,460,9
185,463,86,37,78,77
186,466,6,17,26,95
187,468,81
188,469,13,65
189,470,90,72,92
190,474,21,51,73
191,476,24,85,71
192,478,74,21
193,482,83,22,55
194,484,6,32,37,68
195,486,20
196,489,39
197,493,22,20,36
198,494,27,40
199,498,63,60
200,501,16
201,504,25,83,96,55
202,505,14,81,42,58
203,509,26
204,513,94,99,26,52
205,517,34,54,22
206,519,91,57,1,31
207,521,7,66,75,80
208,525,14,24,25
209,527,35,20,21
210,531,6
211,533,57,9
212,536,25,65,12
213,538,71,97,29,27
214,539,88,6,49,24
215,541,82,75,50
216,545,37
217,548,75,87,86,89
218,549,23,34,22
219,550,87,83,2
220,551,12,35
221,553,26,11,82
222,554,7,30,47
223,557,24,57,43,21
224,559,49,12,15
225,560,14,63
226,561,88,22,99
227,565,9
228,569,47,95,64,57
229,573,44,20,68,28
230,577,93,73
231,579,97,17,26
232,583,58,28,68
233,584,85
234,585,5
235,587,93,65,60,75
236,591,45
237,594,29,68
238,597,54,20
239,599,57,68,32
240,602,39,21,59
241,604,18,1,15,29
242,606,90,98,81
243,610,22,96,74,64
244,612,19,92
245,615,98,8,55
246,619,34,7
247,622,53
248,626,21,26
249,629,14,11
250,631,46,31,86
251,635,46,36
252,637,52
253,638,19,54,39,6
254,639,55
255,640,65,1,56,38
256,644,98,59,23,30
257,648,62
258,649,26,87,38
259,651,53,83
260,652,35,47,98
261,654,13,39,46
262,658,38,20,75,92
263,661,63
264,663,21,21,10,98
265,667,67,87,27,1
266,670,44,79,3,49
267,671,93
268,673,48,58,79
269,674,59,37,78,64
270,676,22,27
271,680,5,75,35
272,683,56,83
273,687,60,46,69,64
274,688,53,29,98,90
275,690,1,72,90,88
276,691,99,49
277,695,63,25
278,699,15,28
279,700,51,90
280,703,97,32,92,42
281,707,38,88,66
282,710,98,28,52,25
283,711,85,36
284,713,67,3,25
285,717,82
286,718,96,52
287,722,46,12,49
288,726,35,69
289,728,93,20
290,731,84,89
291,732,49,32,13
292,735,55,55,56,81
293,738,98
294,741,30,69
295,743,16,76,64
296,746,5
297,748,27,3
298,750,92,28,45
299,752,80,36,4
300,755,63,93,20
301,759,12
302,760,43
303,761,12,25,11,90
304,762,33,1,38
305,764,5,65,36
306,765,76
307,766,13,62,84
308,770,60,86,10
309,771,95,46,20,59
310,773,95,5,76
311,774,54
312,777,97,96
313,779,21,9,43
314,781,76,22,59,30
315,782,9,74
316,786,31,20,33
317,790,20,40
318,794,26,33
319,798,5,61,65,83
320,800,75,63
321,802,32,37,16
322,805,91,97
323,807,16,90,24
324,811,37
325,815,91
326,817,28
327,818,38,51,14
328,821,14,68,49
329,823,11,82
330,825,1
331,826,45,71,71
332,828,89
333,829,89,78,22,71
334,831,54,44
335,832,62
336,833,64,37,75
337,835,12,40
338,837,83,85,19
339,841,48,75
340,844,30
341,847,1,25
342,849,54,62
343,853,24
344,854,84,11,64,26
345,856,4
346,859,33
347,861,65,84,26
348,863,39,28,25
349,865,3,12,61,86
350,868,69
351,871,52,28,74,20
352,873,53,86,88
353,877,12,76,33
354,880,51
355,881,68,55,1,96
356,883,1,38
357,884,39
358,885,40,46,51
359,889,55,2,44
360,890,88,18,54,15
361,891,79,58
362,893,48,95
363,895,27,40,96,23
364,896,33,32
365,899,82,41,99
366,901,99,66,44
367,905,77,90
368,906,93,98
369,907,24,20,12,64
370,910,14,49
371,911,52,27,24
372,912,14,77,53
373,915,29,90
374,918,19,61
375,920,97,79,27,73
376,923,80,13,78,59
377,927,23
378,931,71
379,935,82,15,5,96
380,938,92,72,68
381,941,69
382,942,81
383,944,90,98,73,77
384,947,2,14,82
385,950,84
386,954,71
387,955,68,64,54
388,959,28,8,62,97
389,963,9,71,19,86
390,965,69,96
391,969,36,25,35,77
392,970,98,78,2,36
393,974,74,17
394,975,25,46,15,98
395,978,63,94,40,26
396,980,65,58
397,982,72,80,41,43
398,986,38,44,19,61
399,989,33
400,992,68,67
401,995,38,21
402,998,92
403,1002,90,1
404,1003,35,82,56,49
405,1006,7,24,59
406,1009,6,41,81,48
407,1012,50,94,10,19
408,1013,62
409,1014,61,71,24
410,1015,29,95
411,1016,47,18,41,13
412,1019,74,75
413,1021,36
414,1024,89,91,61,34
415,1027,28,36,43
416,1028,7
417,1029,15
418,1030,79
419,1033,71
420,1037,32,63
421,1041,30
422,1043,61,31,48,87
423,1045,98,49,11
424,1048,40,77
425,1049,4
426,1052,1,47,74
427,1055,65,72,42
428,1056,72,45
429,1059,68
430,1060,14,94,95
431,1062,2,84,76,76
432,1063,41,18
433,1067,91,61
434,1070,3,75,73,20
435,1072,91
436,1076,57,29
437,1077,6,21,61
438,1080,94,90,1,56
439,1084,45,23
440,1088,48
441,1089,67,51,6
442,1091,22
443,1092,57,43,71
444,1094,36
445,1098,73,96,1,30
446,1100,84,8
447,1101,44,80
448,1103,8,85,38
449,1105,79,95,71
450,1109,41,78,63,88
451,1113,51,95,25
452,1116,47,47
453,1118,3,44
454,1119,99
455,1121,71,35
456,1124,57,67,89,26
457,1127,79,80,86,70
458,1131,71,97,17
459,1133,97,24,63,94
460,1136,55,45
461,1140,29,43,43
462,1144,70
463,1146,98,74,20,8
464,1149,32,36,20
465,1153,14
466,1154,48
467,1157,24
468,1159,92,46,74
469,1160,58,23,45,53
470,1161,10,15
471,1162,17,85,92
472,1166,9
473,1170,41,85,24,65
474,1172,6,64,74,71
475,1176,7,39,33
476,1177,91,4,78
477,1179,22,77
478,1181,27
479,1185,45,44,22,84
480,1186,31,22,61,97
481,1189,30
482,1190,60,12,17
483,1192,76,3,29
484,1193,70,36,66
485,1196,75,61,95,53
486,1200,79
487,1204,10,66,33
488,1207,50
489,1211,80,63,85,69
490,1215,16
491,1219,82
492,1222,53,3
493,1225,76,54
494,1229,9,14,76
495,1232,48
496,1234,71
497,1238,29,66
498,1242,46,57,7,30
499,1243,70,22,38,44
500,1244,38,39,72
501,1245,56,38,73
502,1247,4
503,1248,51
504,1252,96
505,1254,39
506,1256,67
507,1259,36
508,1263,68
509,1265,27,45,14,90
510,1269,26,39
511,1272,15,25
512,1273,21
513,1276,15,57,19,93
514,1279,23
515,1283,28,34
516,1286,24,23,18
517,1287,54,21,64,55
518,1290,78,67,17
519,1294,73
520,1295,30,24,91
521,1297,92,41,75,75
522,1300,26,94
523,1304,24,88
524,1306,63,72,69
525,1307,75,27,88,93
526,1309,21,24,18,62
527,1313,33
528,1314,98,41,50
529,1317,9,81,2,19
530,1320,8,7,97
531,1322,78,53,10
532,1325,49,2,61,50
533,1326,35
534,1330,46,46,32
535,1332,48,32,83
536,1335,44,97
537,1339,51,14,17,7
538,1341,29,12,15,29
539,1344,17,44,49
540,1348,99,69,15
541,1351,1,2,49,8
542,1353,4,25,53,49
543,1354,96
544,1358,38,6,26
545,1359,57,91,3,35
546,1361,79
547,1363,73,20
548,1364,13
549,1365,29
550,1369,90,76,90
551,1372,97
552,1376,42,24,64
553,1379,26
554,1382,25,36,84
555,1386,98,8,99,55
556,1388,63,31
557,1389,37,30,17,66
558,1393,67,82
559,1395,95,34,76
560,1396,61,10
561,1397,24
562,1400,52,44
563,1402,14,84,23,57
564,1405,41,14
565,1407,81,81,75
566,1411,34
567,1413,56,21,19
568,1415,32
569,1419,59,28,73,66
570,1421,4,15
571,1425,14,15,58,95
572,1428,33
573,1432,6,82,96,53
574,1434,45,50,76,58
575,1437,41,56,53,37
576,1440,72,7
577,1441,93,46,66
578,1445,48,49,67
579,1447,79,62
580,1448,89,29
581,1449,79,12
582,1453,73,64
583,1454,23,39,97
584,1458,94,87
585,1462,53,97,67
586,1466,54,11
587,1469,68,88
588,1471,87,84,50
589,1475,89
590,1479,56,94,97,38
591,1482,45
592,1483,38,78
593,1486,73,29
594,1488,52,84,68,8
595,1492,83,64
596,1494,4,12,76
597,1496,5,89,58,51
598,1500,89
599,1503,43,9,92
600,1504,97,62
601,1507,19,70,71
602,1511,79
603,1513,72,28
604,1516,61
605,1519,9,42,5,31
606,1522,77
607,1526,39,23,34,98
608,1529,26,56,8
609,1531,6,60,17
610,1533,2,5
611,1535,60,2,56
612,1536,45,54
613,1539,61
614,1543,67,51,93
615,1546,1,56,39,10
616,1548,36,53,88
617,1552,86,34
618,1553,31
619,1554,14,89,3
620,1557,16,77
621,1558,36
622,1559,25,93
623,1560,1,53,19
624,1563,78
625,1565,89
626,1569,34,62
627,1573,43,80,4,45
628,1576,17,35,41,81
629,1578,46,31,81,25
630,1580,49,13
631,1584,53,62,60
632,1588,6,90,98
633,1592,18,75,15
634,1595,58,9,44,14
635,1597,67,94,72
636,1601,97,93,83
637,1602,38
638,1604,36
639,1605,78,48,98,64
640,1607,72,80,60,24
641,1610,14
642,1611,60,16
643,1614,92
644,1616,70,14
645,1618,47,82,29
646,1622,56,84,73,99
647,1624,92
648,1627,83,5,14,28
649,1629,94,53,14
650,1632,24
651,1636,50,52,73,79
652,1637,59,15
653,1641,47,11,94,41
654,1644,92
655,1645,32,19
656,1648,8,86
657,1651,39,87,35
658,1653,14,80,9,36
659,1654,99,15,23,4
660,1656,43
661,1660,39,75
662,1662,2
663,1664,12,57
664,1667,55,21,95,62
665,1670,98,79,94
666,1673,27,6,99,48
667,1674,10,85
668,1678,5,76,1,94
669,1681,21
670,1684,31,14,14,94
671,1687,85
672,1690,63
673,1692,60,88,37
674,1694,10
675,1696,27,13,50
676,1699,55,22
677,1702,80,16,25
678,1704,40,59
679,1706,11,80,4
680,1709,60,71,92,94
681,1711,41,85
682,1712,86,12,37,92
683,1714,79,44
684,1717,85,13,16
685,1719,63,41
686,1721,2
687,1722,33,61,44,74
688,1725,73,1
689,1729,97,31
690,1730,83,45
691,1733,14
692,1736,72,60,99
693,1740,66,67,62,79
694,1743,33,90,51
695,1746,88
696,1750,18
697,1752,25,85,54,28
698,1754,94,28,83,28
699,1757,55,70,67
700,1761,5
701,1764,9
702,1768,35
703,1772,66,35,24
704,1774,46,9,42
705,1775,89,56,37,9
706,1778,39,68,92,36
707,1780,51,52
708,1784,28,15,71,29
709,1785,49,59,39
710,1788,88,49,62
711,1792,47
712,1794,41
713,1798,88,82,97,21
714,1799,80,61,62,92
715,1802,41,86,40
716,1803,5
717,1804,58
718,1807,19
719,1810,27
720,1814,65,48
721,1815,17,73
722,1816,66,4,69
723,1820,68,31
724,1824,88,50
725,1826,29,4,16
726,1829,35
727,1831,97,33,15,99
728,1835,36,81,98,69
729,1838,34,35,69,13
730,1841,68,54,31,93
731,1845,21,24
732,1847,92,80
733,1851,89,72,66,27
734,1852,90,58
735,1855,53,71,66
736,1858,9,81,73,53
737,1859,96
738,1861,82,39,80,77
739,1862,3,41,47
740,1865,51
741,1868,7,34,31,54
742,1871,8,18,34,84
743,1872,19
744,1874,77,46
745,1875,16,11,32,80
746,1878,20
747,1882,75,52,96
748,1885,81
749,1888,8,66,30,75
750,1891,18,64
751,1894,46,40,4,60
752,1898,58,85,17,62
753,1902,7,95,40
754,1904,77,77
755,1905,11,7,71
756,1907,23,24
757,1911,10
758,1912,13,42,49,71
759,1914,38,39,99,13
760,1918,78,48
761,1922,13
762,1924,14,46,90
763,1928,2,71
764,1929,76,72
765,1931,80,88,70
766,1933,51,56,93,13
767,1935,19,70
768,1937,48,9,88,40
769,1941,49,60,2
770,1944,60,32,21
771,1947,69
772,1949,62,67
773,1951,54,43
774,1954,99
775,1956,68,45,48
776,1958,36,71,51,69
777,1959,25,2
778,1960,39,69,65
779,1963,24,52,91,15
780,1967,90
781,1971,24,73,42,26
782,1972,81
783,1974,42,93
784,1978,15
785,1979,89,35,61,34
786,1980,8
787,1982,22,24,62,19
788,1984,78,82
789,1988,19
790,1992,89,47
791,1994,72,43
792,1997,54,24,53
793,2001,49,46
794,2003,32,50,81,82
795,2005,34,5,36
796,2009,27,31,25,5
797,2011,97,4,88
798,2015,71
799,2019,13,32
800,2020,10,83,87
801,2021,18,63,34,30
802,2022,2,32
803,2025,78,71
804,2026,67,5,63,13
805,2029,88,61,4
806,2032,84,72,57
807,2035,60,65,53,85
808,2036,42,95,4
809,2039,23
810,2040,35,28
811,2041,74
812,2045,2,95,12
813,2049,73,99,40
814,2051,88
815,2054,13,42,25
816,2058,6,12,74,20
817,2059,8,92,92,45
818,2063,85,24
819,2064,54,44,70,79
820,2065,68,44
821,2069,7,4,35,8
822,2070,70
823,2071,51
824,2074,23,89,37,82
825,2078,44,91
826,2082,70,41,29,31
827,2085,59,19,43,26
828,2089,53,59
829,2092,10
830,2095,69,76
831,2096,99,51,6
832,2098,95
833,2099,88,96,31
834,2101,2
835,2103,98,19,80,25
836,2105,31
837,2107,32
838,2111,43,77,35,48
839,2115,77,3
840,2119,56,75,92,34
841,2120,50,87
842,2122,58
843,2123,63,17,70,14
844,2127,80,71,91,24
845,2131,72
846,2134,88,22
847,2137,50
848,2140,44
849,2142,85
850,2144,97,16,12
851,2147,54,88,16,81
852,2151,85,98
853,2152,38
854,2155,81,26
855,2157,34,57
856,2161,93,63
857,2162,96,24,14,9
858,2164,18,54,57
859,2165,59,86,52
860,2169,32,84,70,91
861,2172,33,84
862,2176,81,19,24,62
863,2179,1
864,2181,69,38,68
865,2184,79,85
866,2185,23
867,2186,49,59,95
868,2188,74,68,31
869,2189,97,98,24,65
870,2193,25
871,2197,51,52,56
872,2201,80,16
873,2202,68,17,88,78
874,2204,90
875,2208,2
876,2211,60,64,43
877,2215,92,45,30,11
878,2216,76,31,48,45
879,2217,12,62
880,2219,94,85
881,2222,80
882,2223,48,66
883,2227,53,91
884,2231,54,55
885,2235,43,33
886,2236,18,29,4,43
887,2239,18,85,94
888,2241,69,61
889,2245,89
890,2249,26,71,20,62
891,2250,53,49,81
892,2252,12,2
893,2254,93,84
894,2257,69,72,10,15
895,2261,78,49
896,2262,64,44,97
897,2266,89
898,2267,12,93,55
899,2269,53,3,20,7
900,2272,53,80
901,2275,34,83,88
902,2278,10,1,34,31
903,2282,73,36,78,83
904,2286,3,62,34
905,2289,47,8,72,11
906,2290,31,21,81,75
907,2293,6,94,81
908,2294,90
909,2297,18,20,87,97
910,2301,87
911,2303,94,51,9,92
912,2307,38,27
913,2308,69,14,93
914,2310,12,91,9,3
915,2314,14,90
916,2315,82,25
917,2317,48,38,84,80
918,2318,76,17,6
919,2322,33
920,2326,7
921,2330,71,92,33,64
922,2333,47,35,12,10
923,2337,70,82
924,2338,63
925,2339,26,53,85
926,2340,67,53
927,2341,37,28
928,2345,49,19
929,2349,42,6,62
930,2352,66,37
931,2356,44
932,2358,25,90,48,59
933,2362,42,50,89
934,2363,5,65,93
935,2367,15,42,58
936,2371,9
937,2374,87
938,2377,70,56
939,2379,27
940,2382,81,23,80,97
941,2383,87,70,33,74
942,2384,84
943,2388,87,36,77
944,2392,61,95
945,2395,96
946,2398,69,49,19
947,2402,4,8
948,2405,62,13
949,2407,93
950,2409,10
951,2413,72
952,2417,70,81,12
953,2421,99,88,30,37
954,2422,19
955,2425,82
956,2427,13,54,19,77
957,2429,12,49,85
958,2433,83,62,75
959,2436,57,45
960,2438,91,4,70
961,2439,59
962,2442,23,16,1,46
963,2445,41,39
964,2449,3
965,2451,20,21,76,7
966,2454,52,81
967,2457,24,6
968,2458,8
969,2460,76,38
970,2461,30,53,22
971,2463,74,67,96,28
972,2466,2,95,64
973,2468,38
974,2470,91,10,76,73
975,2474,13
976,2476,27,70
977,2480,21,66
978,2484,59
979,2488,71
980,2490,14
981,2494,4
982,2497,23
983,2500,31,46
984,2504,78,81,57
985,2506,32
986,2507,73,76,96,58
987,2510,10,95,83
988,2511,11,45,31
989,2515,99
990,2518,58,99,94,88
991,2521,63,50,83,76
992,2525,45
993,2528,73,96,62,55
994,2531,29,45,8
995,2535,8
996,2537,51,43,5,36
997,2541,92,22,91
998,2545,79,75,20,59
999,2548,37,51
1000,2552,53,78
1001,2553,33,11,63
1002,2557,6,54
1003,2559,64
1004,2563,63,95,86
1005,2567,54
1006,2571,83,24,61,23
1007,2574,53,62
1008,2577,77
1009,2578,62
1010,2582,82,55,98
1011,2584,33,75,73,70
1012,2587,11,56,6,55
1013,2590,73,55,52
1014,2594,79,94,77,66
1015,2597,72,45,12,12
1016,2601,17,60
1017,2605,81,36
1018,2609,18
1019,2611,52,25
1020,2614,54
1021,2617,41,86,76
1022,2621,88,28,32,68
1023,2624,84,30
1024,2628,66,39
1025,2631,5
1026,2634,15
1027,2636,97
1028,2638,14,92
1029,2639,74,15
1030,2642,51,70,18
1031,2643,55,37,36
1032,2645,5,31,46
1033,2649,58,93
1034,2651,17,59,47,9
1035,2655,52,47,59
1036,2658,48,51
1037,2661,24,67
1038,2665,22,91
1039,2668,75,52,31
1040,2670,22,52
1041,2674,16
1042,2678,83
1043,2680,62,69,98,56
1044,2682,60,12,50,3
1045,2685,68,22,59,66
1046,2686,80,90,23
1047,2690,80,67,14,17
1048,2694,99,81
1049,2698,70,48
1050,2702,41
1051,2703,85
1052,2705,22
1053,2708,32,35
1054,2709,37,18,69
1055,2711,23,73,81
1056,2715,85
1057,2716,32,76,83
1058,2717,96,59
1059,2719,61
1060,2720,72,89,34
1061,2724,94,18,89,38
1062,2726,52,3
1063,2730,77
1064,2731,14,94,93,46
1065,2732,2
1066,2734,30
1067,2735,68,29,46
1068,2736,80,47,37
1069,2737,80
1070,2738,1,16,7
1071,2741,50,90
1072,2744,15,34
1073,2746,45,85
1074,2749,77,91,17
1075,2753,69,50,56
1076,2754,13,50
1077,2757,88,94
1078,2759,70,88
1079,2760,29,93,90
1080,2763,60,34,62,96
1081,2767,4,51
1082,2771,47,23,10,76
1083,2772,76
1084,2773,10,64,55
1085,2774,69,68,26
1086,2775,88,80,42,78
1087,2777,54
1088,2778,49,47,65,24
1089,2779,97,8
1090,2782,25,98
1091,2784,64
1092,2788,14,40,23,84
1093,2789,12,21,31,99
1094,2790,64,44
1095,2791,75,65,37,51
1096,2795,53,98,94,55
1097,2797,56
1098,2800,12
1099,2801,19,13
1100,2805,67
1101,2809,31
1102,2811,95
1103,2812,64,90
1104,2815,30,56,43,43
1105,2817,66,59
1106,2818,87,95
1107,2822,36
1108,2825,87
1109,2828,12,74,3
1110,2830,18,4,6,53
1111,2832,68
1112,2835,63,38,81,9
1113,2838,3,14,99,26
1114,2840,43,83,98
1115,2843,85,60,12
1116,2845,85
1117,2847,80,74,2,8
1118,2849,85,6,81
1119,2851,27,65
1120,2853,74,9,12,82
1121,2854,57
1122,2855,89,12,61
1123,2856,27,99
1124,2857,56,41
1125,2860,46,34
1126,2862,87,17,47
1127,2863,27
1128,2864,68,94,42
1129,2866,38,40
1130,2870,14
1131,2874,42,57,78
1132,2875,7,15
1133,2877,60,35,30
1134,2881,29,79,10,54
1135,2882,95,85,56
1136,2883,72,84
1137,2886,23
1138,2889,96,71,68
1139,2891,72,91,87,37
1140,2894,86
1141,2895,36
1142,2897,61,57,51,34
1143,2901,1,66,34,10
1144,2905,18,17,54
1145,2908,62,41,32,89
1146,2912,62
1147,2914,84,85,69
1148,2916,30,66,21
1149,2917,28,12,12,78
1150,2918,91,4,11
1151,2919,47
1152,2921,41,51,23
1153,2925,18,40
1154,2927,73
1155,2930,41,39,52,45
1156,2934,19,14,26
1157,2938,61,2
1158,2942,35,37
1159,2944,2,44,49,33
1160,2948,78
1161,2949,16,63
1162,2952,33,9,70
1163,2956,76,49,93,6
1164,2959,24,78,56
1165,2963,70
1166,2967,42,69,1
1167,2968,5,33,86
1168,2971,79,3,57
1169,2975,6
1170,2978,2,82
1171,2980,82,51
1172,2981,47
1173,2984,17,1,46
1174,2986,93,80
1175,2987,14,16
1176,2988,63,31,72,23
1177,2989,79,14,91
1178,2992,6
1179,2994,3,71
1180,2998,37
1181,3000,36,14
1182,3002,33,56
1183,3003,61,2,76,74
1184,3006,88,97
1185,3007,10,60,68,49
1186,3011,83
1187,3012,12,6,65,97
1188,3014,58,8,7
1189,3017,2
1190,3019,84,90,78
1191,3022,56
1192,3025,21,97
1193,3027,80,80,88,19
1194,3029,3,96,36,98
1195,3031,71,47,68
1196,3033,25,43,85,56
1197,3034,12
1198,3036,89
1199,3040,94
1200,3044,38,94
1201,3046,23,23
1202,3050,94
1203,3053,23,67
1204,3054,6,34,40,21
1205,3057,54,19
1206,3061,5
1207,3063,91,57,22,38
1208,3067,56
1209,3070,88
1210,3073,61
1211,3076,84,9,84
1212,3077,36
1213,3080,56,61,28
1214,3082,16
1215,3083,93,94,30
1216,3086,71
1217,3087,79,93
1218,3089,56,85,77
1219,3090,84
1220,3094,73,97
1221,3098,91,78,36,88
1222,3100,18,52,78,15
1223,3101,50,92,21
1224,3102,85,16,94,14
1225,3103,41,48,40,42
1226,3105,97,94
1227,3106,20,71,57,43
1228,3109,16
1229,3110,76,8,42,67
1230,3114,9
1231,3117,29,98,33,6
1232,3120,27
1233,3124,13,39
1234,3125,55,60,72,55
1235,3127,52,21,41
1236,3130,24,30,38,32
1237,3133,68,23,51
1238,3134,1,87
1239,3135,53,90
1240,3139,36,1,92,32
1241,3143,36
1242,3144,9
1243,3148,97,89
1244,3152,99,74
1245,3156,1
1246,3157,61,41,81
1247,3159,86,32,80
1248,3160,49,25,38,30
1249,3161,51,46,32
1250,3163,71,80,8
1251,3164,75,96,56,51
1252,3165,53,20
1253,3168,31
1254,3172,24,3,28
1255,3173,85,92
1256,3176,93,3,32,64
1257,3180,7,36
1258,3184,47,7,42
1259,3186,19,34,20
1260,3187,56,22,86,11
1261,3188,65
1262,3189,75,74,22
1263,3191,34,80
1264,3195,29,38,47
1265,3196,89,48,18
1266,3198,36,80,64,3
1267,3200,30,7
1268,3204,63,16
1269,3207,46,75,34,69
1270,3211,90
1271,3214,34,82,60,30
1272,3216,32,5
1273,3219,63
1274,3223,72,86
1275,3227,41,96,63,2
1276,3231,62,73,84
1277,3234,6
1278,3235,16,62
1279,3237,38
1280,3240,54
1281,3244,45,1,14
1282,3248,66
1283,3250,94
1284,3251,90
1285,3252,66
1286,3253,46
1287,3255,92
1288,3259,59,89
1289,3263,72,80
1290,3264,49,64,24,67
1291,3267,91,95,53
1292,3268,72,85,25
1293,3270,75
1294,3271,67
1295,3273,30,33
1296,3276,57,38,52
1297,3279,20
1298,3281,22,92,80,86
1299,3282,39,82,15
1300,3286,81
1301,3287,65
1302,3291,91,42
1303,3295,46
1304,3296,40,68
1305,3297,91
1306,3299,42,53,28,36
1307,3301,72,3,18,26
1308,3305,3,1,28,88
1309,3306,95
1310,3310,13
1311,3311,9,32,80
1312,3313,61,33,73,76
1313,3314,15,41,78
1314,3315,51,50
1315,3319,28,94
1316,3321,57,80
1317,3325,80,24,47
1318,3327,57,33,47,20
1319,3331,88,73
1320,3335,10,38
1321,3339,45
1322,3342,52,93,79
1323,3345,8,96,77
1324,3348,15,2,67,49
1325,3352,43
1326,3354,82,96
1327,3358,32
1328,3362,54,44
1329,3364,22,6,99
1330,3368,1,16
1331,3369,62,19,33
1332,3372,70,12
1333,3374,94,94,1,88
1334,3375,24,1,96
1335,3377,71,21,79,43
1336,3381,41,68,97,34
1337,3382,67
1338,3383,48,19,62
1339,3385,20,43
1340,3387,39,61,73
1341,3391,81,93,47,67
1342,3392,78,87,68,87
1343,3395,9,48
1344,3397,3
1345,3400,77,55,57,24
1346,3403,50,17,67,57
1347,3405,2,13,8
1348,3408,57,64
1349,3410,9
1350,3414,65,72,52
1351,3417,41,25
1352,3420,4,42,95,50
1353,3423,10,52,2
1354,3424,62,94,45
1355,3428,78,80,94,8
1356,3432,63,10
1357,3434,60,63
1358,3438,5,68,41,80
1359,3442,48,28,52
1360,3445,54,9
1361,3449,94
1362,3451,18
1363,3452,59,29
1364,3455,34,32,99,27
1365,3456,92,1,28
1366,3458,36
1367,3459,95,22,75
1368,3460,28,32,85,85
1369,3462,78,59
1370,3463,45,67,35
1371,3464,7
1372,3465,1,75,85,62
1373,3467,72,54
1374,3471,48,35,13
1375,3473,71,54
1376,3476,51
1377,3479,60,66
1378,3480,22
1379,3483,88
1380,3487,32,72,18
1381,3488,22,21
1382,3492,8
1383,3494,92
1384,3498,93,63,2
1385,3499,62,12
1386,3500,86,43
1387,3501,58,23,45,40
1388,3503,53
1389,3504,90,4
1390,3505,27,10
1391,3506,46,58
1392,3510,7,42
1393,3513,86,22,77,38
1394,3517,73,24,61,24
1395,3520,26,60,70,35
1396,3523,67,86,13
1397,3524,65
1398,3525,71,69,79,9
1399,3527,35,46,85
1400,3529,50,15
1401,3532,11,65
1402,3533,15,65
1403,3535,95,21,8,78
1404,3536,84,54,2
1405,3540,79
1406,3543,32,61
1407,3546,53,55,73,71
1408,3547,85,7
1409,3548,78
1410,3549,50,73,8
1411,3552,25,45,66,39
1412,3554,43,86
1413,3555,20
1414,3558,31,98,50
1415,3559,23,62,73
1416,3563,64,22
1417,3567,89,24
1418,3571,1,93,1
1419,3572,60,27
1420,3574,60
1421,3575,99,22,11,97
1422,3577,26,15,32,28
1423,3579,98
1424,3582,43,64
1425,3586,86,33,37
1426,3589,96
1427,3590,38
1428,3593,52,97
1429,3595,83
1430,3599,85
1431,3601,72
1432,3605,30
1433,3607,96,74,42,6
1434,3608,37,93
1435,3610,45,42
1436,3611,66,65
1437,3615,92,22,85,97
1438,3616,64
1439,3620,28,9,51
1440,3622,64,14,22
1441,3626,31,63,63,13
1442,3628,47,51
1443,3631,98,85,55,74
1444,3632,48
1445,3636,95
1446,3638,88,78,66,35
1447,3641,26,55
1448,3645,89,99,88,90
1449,3646,12,27,78
1450,3648,51
1451,3651,14
1452,3654,90,35,71
1453,3656,91,87
1454,3660,65,48,47,11
1455,3662,42,64,5
1456,3663,92,38,44,11
1457,3666,1,52,72
1458,3667,78,8,93,79
1459,3671,19
1460,3675,52
1461,3677,5,53
1462,3679,39,2,3
1463,3683,13,72
1464,3686,26,50,27
1465,3688,47,58,76
1466,3690,69,38,51
1467,3694,21
1468,3697,70,34
1469,3700,13,45
1470,3701,5,12,41
1471,3703,50,9
1472,3706,73,48
1473,3710,33,23
1474,3711,43,47
1475,3712,54,43,96,11
1476,3715,49,77,54
1477,3717,11,94,50,60
1478,3719,42
1479,3721,69
1480,3722,75
1481,3723,54,43,27
1482,3725,41,30,99
1483,3726,35,8,15,37
1484,3728,47,31,23,12
1485,3730,96
1486,3732,32
1487,3733,57,45,83,97
1488,3735,37,16,99
1489,3738,33,45,70,72
1490,3740,83,21
1491,3743,44,28,14,62
1492,3744,43
1493,3748,78,54,95
1494,3751,87,19
1495,3754,10,56,17
1496,3755,2,69,45,62
1497,3757,8
1498,3761,38
1499,3765,73,16,61,27
1500,3767,32,3
1501,3771,56,13,87,87
1502,3772,13,34,10,84
1503,3775,31
1504,3776,73,30,42
1505,3778,86,26,80,88
1506,3779,92
1507,3781,90
1508,3785,49
1509,3789,99,32,40,91
1510,3790,80,82
1511,3793,79,84,79
1512,3796,40,17,71
1513,3798,7,16
1514,3800,26
1515,3804,66
1516,3808,75
1517,3809,93,44,94
1518,3813,9,57,18
1519,3817,14
1520,3820,1
1521,3823,43
1522,3826,83
1523,3828,96,43,65,71
1524,3830,88
1525,3832,53
1526,3835,97,22,73,68
1527,3838,53,44
1528,3839,65,39
1529,3843,48,49,77,20
1530,3845,88,64,97
1531,3849,97,83,12
1532,3852,46
1533,3855,32,45,58,32
1534,3857,65,64,38,74
1535,3860,23
1536,3862,33,44
1537,3866,22,34,59,34
1538,3868,18,84,18
1539,3869,69,99,62
1540,3871,69,41,56,56
1541,3874,40,79,10
1542,3875,45
1543,3879,69
1544,3881,36
1545,3883,73
1546,3884,40,69,73,56
1547,3886,68,84
1548,3889,58,71,45
1549,3892,1,5,65,21
1550,3896,33,92,77
1551,3898,93,14,97,40
1552,3902,65,55,55
1553,3906,75,93,43
1554,3907,51,56,21
1555,3910,62,73,66,4
1556,3913,23
1557,3914,49,47,26,3
1558,3918,89,32,22,89
1559,3920,67,84,76
1560,3922,4,89,2
1561,3925,8,66
1562,3929,75,43,69,25
1563,3930,64,53,45,90
1564,3931,5,87,96,48
1565,3934,54,6
1566,3937,3,34,55,78
1567,3939,24
1568,3940,25,42,68
1569,3942,57,60,6
1570,3944,15,73,86
1571,3948,30,41
1572,3952,29
1573,3955,96,73,89,49
1574,3959,26
1575,3960,80,27,73,86
1576,3961,96,27,86
1577,3963,67,13
1578,3966,27,93
1579,3968,7,5
1580,3969,49,76,31,19
1581,3973,39,96,46,23
1582,3976,63
1583,3978,64,30,13,32
1584,3981,99,56,86
1585,3985,92,79,1
1586,3986,60,25,6
1587,3988,16
1588,3990,17,37
1589,3992,46,20,21,59
1590,3995,76,97
1591,3998,64,48
1592,3999,84,82,59,42
1593,4003,19
1594,4004,4
1595,4005,5,86,95,16
1596,4008,61,16
1597,4011,2,96,77,7
1598,4014,11,25,66
1599,4018,24,2,23
1600,4022,95,79,42,9
1601,4025,90,95
1602,4027,27
1603,4031,21,13
1604,4033,47
1605,4035,55,14
1606,4038,75,28,56,95
1607,4040,66,88,97
1608,4044,3,27,96,33
1609,4047,65
1610,4051,95,46
1611,4055,68,83
1612,4058,65,32,82,80
1613,4061,59,99,3
1614,4064,84,98
1615,4066,34,76
1616,4067,56
1617,4068,1,53,92
1618,4069,57,97,98
1619,4072,42,71,71,53
1620,4073,24,25,7,70
1621,4074,32,34,78,44
1622,4076,82
1623,4078,46,92,61
1624,4081,48,32,79,14
1625,4084,10,89,56,66
1626,4085,99,90
1627,4086,35,91
1628,4090,88,2
1629,4091,29
1630,4092,77,45
1631,4094,52,95,95
1632,4095,91,41,23
1633,4097,3,89,67
1634,4100,38,14,78,52
1635,4102,29
1636,4103,78,54
1637,4105,22,89,54
1638,4108,72,78,10,19
1639,4112,78,47,44
1640,4114,35
1641,4118,50,76,23
1642,4120,4,80,69
1643,4122,68
1644,4125,33
1645,4126,34,2
1646,4130,44,64,61,68
1647,4132,24,51
1648,4135,12
1649,4139,86,88,8
1650,4141,58,74,58
1651,4144,71,12,1,21
1652,4145,6
1653,4149,34,97,59,41
1654,4150,17,51
1655,4152,17,5,94,28
1656,4155,96,22,61
1657,4158,61,37
1658,4161,59
1659,4165,29
1660,4169,15
1661,4170,39,45,84,50
1662,4173,91,48,73,78
1663,4174,37,21,51
1664,4176,13
1665,4180,86,81,22
1666,4181,71,34
1667,4184,22,22,87,26
1668,4188,45,50
1669,4189,33
1670,4193,75
1671,4195,28,62,42
1672,4198,94,32,84,47
1673,4200,65
1674,4201,81
1675,4204,74,94
1676,4207,95,90
1677,4211,94,6
1678,4215,95,26,2,46
1679,4216,11,7,58
1680,4219,10
1681,4222,84,79,71,96
1682,4223,76,16,6
1683,4224,56,55,29,67
1684,4227,3,10,33
1685,4231,86,21,93
1686,4235,48,3,84
1687,4236,68,10,5
1688,4239,38,19
1689,4241,55,71,20
1690,4242,51,24,82,32
1691,4244,44,3,43
1692,4247,89,6,27,62
1693,4251,79,91
1694,4254,36,14
1695,4257,9,88,98,9
1696,4258,10,94,62,33
1697,4261,49,70
1698,4265,91
1699,4268,75,55
1700,4272,53,49,16
1701,4273,50,50,22
1702,4276,77,18,74
1703,4278,34,6,75,57
1704,4281,27
1705,4284,23,16,73,64
1706,4285,93,64
1707,4286,18,25
1708,4287,10
1709,4288,66
1710,4291,90
1711,4292,50
1712,4296,82,39,91
1713,4299,97,37,99
1714,4301,6,15,7,45
1715,4303,52
1716,4304,97,12
1717,4308,31,70,26,20
1718,4311,92,25,21
1719,4315,80,82,63
1720,4319,60,32,48
1721,4320,42,79
1722,4321,72,53,92
1723,4325,46,81,19,28
1724,4329,54,29
1725,4332,57,82
1726,4336,78,80,18,22
1727,4338,1
1728,4340,13,17,62
1729,4343,4,55
1730,4347,23,36,79,22
1731,4349,95,59,32
1732,4353,43,12,41
1733,4356,16,86
1734,4358,85,93
1735,4359,97
1736,4361,59,62,34
1737,4364,81,72,71
1738,4367,8,12,1
1739,4369,17,14,78
1740,4370,6,48,85,27
1741,4374,15,97
1742,4376,77,66
1743,4378,45,45,47
1744,4379,2,52
1745,4383,40
1746,4387,74,78,72
1747,4390,70,24,79
1748,4391,38,20,91,88
1749,4393,16,66,51,58
1750,4396,39,20
1751,4397,49,87,75
1752,4398,98,94,5,70
1753,4400,47,27
1754,4404,67
1755,4408,41,3,86,49
1756,4410,20,23
1757,4412,42,66,51
1758,4413,83
1759,4415,89,84,41,49
1760,4418,19
1761,4421,46
1762,4424,11,67,5,6
1763,4428,26,76,55,41
1764,4430,17,26,65
1765,4434,11,25,34,71
1766,4436,97,84,36,30
1767,4440,95
1768,4442,11,86,12
1769,4443,1,73,48
1770,4444,13
1771,4448,30,46
1772,4452,71
1773,4453,99,78,38
1774,4457,36,86,99
1775,4459,39,6
1776,4461,50,5
1777,4465,35,9,24
1778,4467,43,43,16,87
1779,4468,68,16,37
1780,4469,68,85,18,87
1781,4471,98
1782,4474,32
1783,4476,59
1784,4480,68,67,33
1785,4482,83
1786,4484,80,58,83
1787,4486,66,28,9
1788,4487,36
1789,4488,56,15,88,49
1790,4489,44,21,37,63
1791,4491,48
1792,4492,58,43
1793,4493,75,8,51,65
1794,4497,44,76
1795,4501,56,11
1796,4504,48,55,61
1797,4506,30,88
1798,4509,80,38
1799,4511,39,89,62,14
1800,4512,64,78
1801,4514,83,15,59
1802,4518,60,81,3
1803,4519,26,73,95
1804,4521,75
1805,4523,19,9
1806,4525,50,84,80
1807,4529,67
1808,4532,60,57,33
1809,4533,22,91,13,22
1810,4537,20,7,10,81
1811,4539,55,46,5,73
1812,4543,77,25,89
1813,4547,70,97
1814,4551,49
1815,4553,85,65,60,22
1816,4555,44,40,85,30
1817,4558,72
1818,4560,30,1,63
1819,4561,87,16,33
1820,4565,72,84,65,97
1821,4569,72,15,26,44
1822,4571,60
1823,4575,30
1824,4578,60,25
1825,4582,20,45,53
1826,4586,58,66,67,4
1827,4587,40
1828,4591,65,25,8,48
1829,4592,46
1830,4596,70
1831,4598,20,79,32
1832,4602,96,16,23
1833,4606,48,14,66,56
1834,4610,51,68
1835,4612,69,2
1836,4615,94,23,72,58
1837,4617,12,92,12,19
1838,4619,52
1839,4621,9,41,2,47
1840,4625,22,13
1841,4627,3,25
1842,4631,18,51,20
1843,4635,86,55,41
1844,4638,36
1845,4642,42,94
1846,4645,99,69
1847,4649,82,57,95,51
1848,4651,12,84,40
1849,4654,37,62,4
1850,4657,70,69
1851,4658,72,25,91,68
1852,4660,23,6,30,47
1853,4661,61,91,79,89
1854,4663,38,73
1855,4667,49,79,35
1856,4669,29
1857,4670,95,60
1858,4673,13
1859,4676,95,23,40,66
1860,4679,22,88,76
1861,4682,1,64
1862,4683,51,12,76
1863,4685,55,86,8
1864,4687,63
1865,4691,26,82,81
1866,4692,75,80,58
1867,4693,38,9,44,16
1868,4696,22,91,81
1869,4699,28,57,90
1870,4701,34,72,1
1871,4705,25,64,34,48
1872,4709,86
1873,4713,44,82
1874,4715,34
1875,4718,55,71,8,83
1876,4720,73,29
1877,4723,95
1878,4725,46,69
1879,4728,96,43,33,55
1880,4730,66,9,71,49
1881,4732,84,25,19,50
1882,4734,51,77
1883,4735,76,57,40
1884,4736,66,51,11
1885,4737,88
1886,4740,1
1887,4743,16
1888,4745,80
1889,4749,11,85
1890,4753,42,33,1,51
1891,4756,2,94
1892,4758,16,27,19,23
1893,4762,40,72,23
1894,4765,50
1895,4767,1,16,95
1896,4771,59,79,8
1897,4775,97,87,18
1898,4779,2,85
1899,4781,41
1900,4785,63
1901,4788,1
1902,4791,77,2,93,1
1903,4792,26,76
1904,4793,78,54,29,45
1905,4797,23
1906,4801,75,74,96,68
1907,4803,68,76,30
1908,4807,40,84,88,72
1909,4811,94,20
1910,4813,30,73,91
1911,4814,2,40,7
1912,4817,16
1913,4819,49,53
1914,4823,1,12,52
1915,4826,71,2
1916,4828,2,63
1917,4831,30
1918,4832,56,51
1919,4834,81,6
1920,4838,47,10,1
1921,4842,18,54
1922,4846,32,25,39
1923,4850,5,3,1,60
1924,4854,52
1925,4857,38,77,73,8
1926,4858,78
1927,4859,86,39,45
1928,4862,73
1929,4865,23,32,26
1930,4866,21
1931,4870,45
1932,4873,6
1933,4874,50
1934,4876,81
1935,4880,65
1936,4881,53,8,12,81
1937,4884,56,69
1938,4886,1,21,66,4
1939,4890,69,97
1940,4892,16
1941,4895,78,22,87
1942,4898,61
1943,4902,51
1944,4904,70,3,57,63
1945,4907,41
1946,4910,12
1947,4912,15,83,9
1948,4915,75,2,16,4
1949,4916,94,31,92,25
1950,4920,78,46,51
1951,4924,67,56,6
1952,4927,73
1953,4931,59,41,80,4
1954,4935,15,93,46,19
1955,4937,72,50,47,78
1956,4939,36
1957,4943,43,98,53,19
1958,4944,10,4
1959,4948,55,97
1960,4951,65
1961,4953,69,52,25
1962,4955,67
1963,4956,77,49,89,36
1964,4957,54,47,55
1965,4960,20
1966,4962,73
1967,4966,87,56,93
1968,4969,22
1969,4973,98,24,83,18
1970,4976,85
1971,4978,35,2,78,36
1972,4982,90,39,16
1973,4985,32,5,48,15
1974,4988,82,38,1
1975,4989,48,13
1976,4990,68,96,1
1977,4993,39
1978,4997,12,46,4,56
1979,5001,52,99,89
1980,5002,97,95
1981,5005,11,74
1982,5008,40,42
1983,5010,53,89,74
1984,5012,30,91
1985,5014,40,84
1986,5016,88
1987,5018,41,32,92
1988,5020,96
1989,5022,56,77
1990,5023,76,30,91,56
1991,5024,19
1992,5025,9,84
1993,5027,79,42
1994,5028,40,77
1995,5032,36,56,82,50
1996,5036,20,93
1997,5040,81,45,29
1998,5041,92
1999,5044,9,93,13
