0,4,82
1,5,91,27,93,44
2,9,61,44,60,13
3,11,80
4,14,52
5,16,41
6,17,40,64,24,93
7,20,94,74
8,22,42,25,44,52
9,25,35
10,26,42
11,29,41,60
12,30,91,45,89
13,33,78,16,21
14,37,23,90
15,39,91,84,45
16,40,70
17,43,84
18,45,25,90,89,51
19,47,55,6,50
20,51,97,62,91
21,55,78,84,37,99
22,59,26,41,35
23,60,62
24,64,51
25,67,54,61,53
26,70,85,57,9,22
27,72,49
28,74,98
29,76,15,29
30,78,75,17,11
31,79,21
32,82,42
33,85,51,92,78
34,87,83,90,22,3
35,88,20,42,88
36,89,13,71
37,92,37,81
38,95,64,14,98,80
39,98,3
40,100,4,7,29,49
41,102,23,64,51
42,103,39,24,68
43,104,1,78,18,33
44,107,28,39,87
45,109,60,61,67,68
46,111,89,92,40,39
47,113,4
48,115,69,98,67
49,119,62,87,1
50,122,65,50
51,126,18,6
52,130,49,20
53,134,50,9
54,138,65,30,14,47
55,142,22,44,1
56,146,20,63,26
57,150,16,88,41
58,151,85
59,154,27,2
60,155,89,50,48,34
61,156,65,17
62,157,57,50,98
63,161,59,57,20,27
64,162,40,32
65,166,25,87
66,169,24,62,84,18
67,171,32
68,172,44,97,45,26
69,174,32,52
70,177,47,21,49
71,180,25
72,181,61,99,44
73,185,50,72,94,97
74,188,39,43,50,45
75,192,84,9
76,195,56,59,69
77,196,7
78,197,45
79,201,19
80,205,73,38,88
81,209,14,66
82,212,92,20,64,21
83,215,3,92,20
84,219,62,92
85,222,46,86,95
86,226,17
87,229,22
88,232,84,18,73,64
89,235,14,75
90,238,47
91,240,77,92,95,24
92,244,7
93,246,82
94,250,1,70,35,93
95,253,89,78,59,65
96,254,1
97,257,20,1,29,41
98,258,78,41,24,29
99,259,39,9,8,46
100,263,39,90
101,264,45,19,27,38
102,268,72,42
103,270,88,82,16,36
104,274,25,17,78,83
105,275,4,30
106,278,45,38
107,282,66
108,285,85,67,8,57
109,286,8
110,287,8,73,5,34
111,288,19,99,9
112,289,1,12
113,292,70,94
114,296,76
115,299,50,6,43,32
116,300,72,21,41,94
117,303,57,64
118,306,64,53
119,308,71,24,34,69
120,311,75
121,313,91,52,45
122,316,38
123,320,78,18,93
124,324,29
125,326,66,42,87,21
126,327,88
127,331,26,16,38
128,333,74
129,337,58
130,339,16,56,74
131,343,18,67,73
132,344,96,79
133,347,90
134,351,22,40,29,56
135,353,35,80,65
136,354,48,28,90
137,358,38,15,84,85
138,362,2
139,365,7,36
140,369,72
141,371,96,63,87,50
142,373,56,93
143,377,39,33,42,45
144,378,8,91
145,379,81
146,381,98,91,25
147,385,93
148,388,95
149,389,5,42
150,393,99
151,394,44,29,30,5
152,396,17,61,65,62
153,399,8
154,400,46,31
155,402,84,44
156,406,97,97,77,30
157,407,82,91
158,410,45,71,6
159,413,49,8
160,416,4
161,418,51,81
162,420,71,57
163,423,80,75,44
164,427,10,63,77,26
165,428,33,32,78
166,430,25,23
167,432,56,46,88
168,436,88,50,55
169,438,7,76,56
170,440,4,56,47,79
171,441,79,43,73
172,444,61,70,82,49
173,448,97,97,77,96
174,451,75,25
175,455,80,38,58
176,458,61,35,61,78
177,461,79,7,11
178,465,85,29,93
179,468,83,13,75
180,471,13,87,28,74
181,473,33,20,5
182,477,94,14,7,38
183,478,9
184,479,94,39
185,482,79,86,37,6
186,485,53,62
187,486,54,95,70,92
188,489,24,99
189,493,5
190,496,63,25,11
191,498,35,93,96,42
192,501,58,61
193,505,4,10
194,509,78,4,67
195,513,76
196,515,46,30
197,516,39
198,517,55
199,521,2,32
200,523,31,28
201,527,49,61,95,16
202,530,35
203,532,8,65,56
204,535,69,30,71,25
205,538,64,75
206,540,1,71,94,51
207,541,39,66,59,42
208,542,48,48
209,543,76,69,5,76
210,545,6,17,64
211,548,71,37,51
212,551,57,24,77
213,554,41,13,42,86
214,557,96,61
215,560,63
216,563,30,77,14
217,565,35,25,7,42
218,567,7,78,42
219,570,7
220,571,88,55
221,574,17,31,18,58
222,577,63,40
223,581,90,37,77,73
224,582,66
225,584,95,5
226,586,75
227,588,54,9
228,591,14,55,84,43
229,594,73,20
230,595,23,75,18,36
231,596,60,59,60
232,599,76,82,10,86
233,600,25,93,75
234,603,15,68,29,40
235,604,52,83,35,59
236,606,16,78,93
237,608,57,92
238,609,43,79,6
239,612,58,87,2
240,616,56,54,91,40
241,617,81,4
242,618,34
243,619,51,15,21
244,623,58
245,624,2,68,60,47
246,626,20
247,627,24,80,99
248,629,99
249,632,64,53,25,67
250,636,20,89,16
251,639,70,23
252,643,53
253,645,83,68
254,648,74
255,651,52,53,36,89
256,655,37,64
257,659,19
258,662,64,2,84
259,663,56,8,88,88
260,666,39,74
261,667,57,11,85,40
262,669,91
263,673,96,46
264,677,19,40
265,680,50,92,54,64
266,682,95,65,52
267,685,43,23
268,687,9,93,98
269,690,37,64
270,691,75,66
271,695,14,95,99,39
272,696,28,3
273,700,94
274,704,30,74
275,706,25
276,709,64,87,91
277,713,40,89,54
278,714,92,38
279,717,55
280,719,39
281,722,71
282,725,50,50,89,87
283,729,35,60
284,732,49,97
285,735,94,82,10,41
286,739,71,83,38,78
287,743,52
288,747,82,78,14
289,751,99
290,755,33
291,758,7,27,43
292,759,38,2,13
293,760,81,18,13
294,761,56,28
295,762,36
296,763,13,96,41,83
297,766,90,47
298,769,57
299,770,51,91
300,771,46
301,773,76,74,78,13
302,774,75
303,776,93,60,88
304,778,99,13,23,28
305,779,48,61,80
306,782,54
307,783,41,71
308,785,42,4,44,25
309,786,19
310,790,82,45,86,36
311,793,41
312,796,28,98,30
313,800,1,35,7,71
314,802,70,75,88
315,804,8
316,807,81
317,811,86,73,66
318,812,25,53
319,814,14,20,46,42
320,815,23,79,4,10
321,819,24,54,42,82
322,821,33,36,52
323,825,53,20,35,8
324,827,86,88
325,830,16,50
326,834,72,51,56
327,838,19,27,39,64
328,839,20,82,62
329,841,72,88
330,843,82
331,845,97,38,85
332,847,18,91,25,23
333,848,88,33,26,10
334,851,86,25,65,6
335,853,12,45
336,856,15
337,860,12
338,864,27,95
339,868,91,71
340,871,99,57,73,53
341,875,16,43
342,879,36,36
343,883,71,28,51
344,884,42
345,886,20
346,890,3,57
347,891,45,87,20
348,893,32,44
349,894,8,96,77,3
350,898,57,82,33
351,899,17,64,41
352,902,35
353,906,64,66,79,33
354,908,69,18,75
355,910,44
356,911,65
357,913,98,36,83
358,917,26,86,79,17
359,921,89,90,47
360,925,85,62,21
361,926,21,17,34,46
362,927,7,73
363,930,6,9
364,931,28,51
365,935,25,59
366,939,50,53
367,941,94,47,22,54
368,943,82,76,6,99
369,944,55
370,946,11,55,9
371,949,9,63
372,952,59,8,26,51
373,955,98,9,89,53
374,959,27
375,963,90,10,73
376,967,67,46,87,37
377,971,82,55,28,8
378,974,74,55
379,977,36,61,59
380,978,68,90
381,980,83,19,24,18
382,983,41,53,56,35
383,987,44,13
384,991,10,88
385,994,23,21,28
386,995,41
387,999,6,89
388,1002,91
389,1003,34,30
390,1005,26,91
391,1007,24
392,1008,23,12,76,34
393,1010,58,5
394,1011,66,26,83
395,1015,55,81
396,1017,87,85
397,1020,67,3
398,1023,97
399,1027,50,28
400,1029,48
401,1031,16
402,1033,6,62
403,1034,46,88
404,1036,58,24,5,80
405,1037,75,26,3,44
406,1041,1
407,1045,41
408,1049,95
409,1050,84,75
410,1054,67
411,1056,83,80
412,1058,55
413,1061,90,65
414,1062,60
415,1063,6,16
416,1066,85
417,1070,52,46
418,1072,57,4,28,87
419,1074,99,45,27
420,1076,41
421,1079,56
422,1080,94,40,29,2
423,1083,88,82,37
424,1087,14
425,1091,62
426,1095,78,3,75,51
427,1098,43
428,1101,81
429,1103,30,61
430,1105,5,82,59,6
431,1106,9,6,56,78
432,1107,21,13
433,1110,46,5,49,4
434,1113,71,80
435,1116,93
436,1120,30,53,83,61
437,1123,71,51
438,1125,52,13
439,1129,55,2,94
440,1130,72
441,1133,43,86,88
442,1135,98,84,89,65
443,1137,60
444,1141,63,30,62,37
445,1143,57,49
446,1144,88,66,77
447,1147,3,43
448,1151,56,16,96
449,1155,21,69
450,1158,37,73,21,83
451,1159,42,41,79,28
452,1162,34,88,7,8
453,1163,37,26,25
454,1164,97,24,69,50
455,1168,73,19,82,51
456,1170,24,40,96
457,1172,46,48,82
458,1176,15,70,38,97
459,1180,3,7,56,64
460,1182,73,23,94
461,1183,41,88,52,88
462,1186,99,49
463,1190,95,66
464,1191,94,76
465,1195,38
466,1196,26,36,53,69
467,1198,4,9,44,54
468,1202,21,58,5,56
469,1206,61
470,1207,81,99
471,1209,80,24,10
472,1212,33
473,1216,97
474,1217,63,77
475,1218,84,25
476,1222,83,15,49,97
477,1226,25,88,46,14
478,1228,62
479,1230,74
480,1231,68
481,1232,46,9,53
482,1234,36,69,46,7
483,1236,66,64
484,1239,79,23
485,1242,50,84,77
486,1244,67,77
487,1246,34,28,84,53
488,1249,6,51,46
489,1252,6
490,1253,2,32,74
491,1255,38,23,3
492,1257,80
493,1261,19,9,19
494,1263,79
495,1265,21,88
496,1266,68,94,63
497,1269,90
498,1271,80,85,21,22
499,1272,59
500,1276,79,12,70,66
501,1277,6,97,64
502,1278,49,53,71
503,1279,88,58
504,1283,92,8,71
505,1284,67,85
506,1287,28,94,98,84
507,1291,27,36,37
508,1293,98,34,14
509,1295,62,85
510,1298,2
511,1301,83,83
512,1302,9
513,1305,64,50,33
514,1308,44,72
515,1309,38,88,21,66
516,1312,45,83
517,1314,14,7
518,1316,91,10
519,1320,93,98,34
520,1324,85
521,1327,24,95,7,43
522,1329,1
523,1331,21
524,1333,85,90,86
525,1334,35,13,20
526,1338,17
527,1339,37,86,91,95
528,1342,83,88,91
529,1346,15,97,77,93
530,1350,27,99,98
531,1354,42,27,11,29
532,1356,45,71
533,1360,6,2,58,62
534,1361,64,31
535,1362,69
536,1363,11,47,90,70
537,1366,20,82,35
538,1368,29
539,1371,2
540,1373,59,94
541,1375,21,86,45,71
542,1379,70,9,28,64
543,1382,47
544,1385,90,3,53
545,1389,40,65,67,1
546,1391,54
547,1395,41,69,87,96
548,1397,4,74
549,1401,32,59
550,1405,54,91
551,1409,82,73,44,64
552,1411,65,13,5
553,1412,23
554,1416,7,54,13
555,1420,70,63
556,1424,7,2
557,1427,41,73,58,90
558,1429,9,57,17
559,1433,3,64,46
560,1434,7
561,1437,74
562,1440,34,34
563,1444,13,96,82
564,1446,90
565,1448,11,61,59
566,1449,56,74
567,1452,24,84,23,18
568,1453,79,59,88,77
569,1456,28,33
570,1460,77,58
571,1463,77
572,1467,38,9,54,57
573,1468,30,85,61,46
574,1470,16,79
575,1473,86,87,64
576,1475,44,89,76
577,1477,95,13,93
578,1479,74
579,1482,80
580,1483,83
581,1485,79,73,29,22
582,1487,66
583,1490,55,97,40
584,1492,13,56
585,1496,46
586,1497,70,7
587,1499,4,14,61
588,1500,47,94
589,1503,86,5
590,1507,65,48,12
591,1511,92
592,1513,49,65
593,1517,53
594,1518,59
595,1519,27,5,15
596,1523,27,7,61
597,1527,28,15,26
598,1531,76,75,33,90
599,1533,92
600,1534,96,70
601,1535,5,95,83
602,1538,54,23
603,1541,55
604,1543,65,5,9,34
605,1547,2,59,35
606,1548,32
607,1551,30,41,82
608,1555,54,1,73,3
609,1558,66
610,1561,85,58,91
611,1565,94,83
612,1566,74,58,46
613,1567,3
614,1570,67,23,39
615,1571,76
616,1573,74
617,1577,71,76,63,1
618,1579,86,55
619,1583,27,44,68,5
620,1584,12,66
621,1587,75
622,1588,75,16
623,1589,59
624,1593,25,21
625,1595,89,26,34,80
626,1596,60,40,5,4
627,1600,29,78,69,29
628,1602,9,75,37
629,1605,38,6,76
630,1609,48
631,1612,12,4,1,47
632,1615,50,16,95,44
633,1619,33,86,95,60
634,1620,80,66
635,1621,18
636,1622,51,64
637,1626,81,75,80
638,1627,68,64,70
639,1629,13,58,26,81
640,1631,79,36,49
641,1635,12,93
642,1638,10
643,1641,99,37,35,79
644,1642,29,13,37,18
645,1645,64,82,96,90
646,1648,74,94,46
647,1652,12
648,1656,16,35,14
649,1660,89,16
650,1662,12,94
651,1664,71,66,80,34
652,1665,87,58
653,1667,67,48,65,90
654,1668,35,9,82,12
655,1672,72,9,99,67
656,1674,60,11,65,67
657,1676,5,33,59
658,1678,22
659,1680,35,76,23,2
660,1684,67,64,19,87
661,1685,11,45,75
662,1687,13,32,50
663,1690,83,6
664,1693,10,99
665,1695,40,47,58,39
666,1696,66
667,1700,39,98,37,40
668,1701,36,37,9,12
669,1702,34
670,1706,41,24
671,1707,1,82,82,44
672,1709,16,3
673,1710,64,81
674,1713,82,97
675,1716,74
676,1718,79,81,68,76
677,1722,44
678,1723,24
679,1725,92,9
680,1727,17,22,28
681,1730,13,14,2,24
682,1733,73,76
683,1735,90,17
684,1737,21,41,58
685,1739,66
686,1743,63
687,1747,7,79,66,90
688,1748,78,34,31,60
689,1749,58
690,1751,82,81
691,1753,42
692,1754,6
693,1755,52
694,1758,35
695,1762,6
696,1763,74,36,9,29
697,1765,48,23,16,88
698,1769,42,74,92,42
699,1773,66
700,1775,60
701,1777,96,92,27,10
702,1781,82
703,1782,83,88
704,1785,92,26
705,1788,77,52,26,96
706,1790,8,60
707,1791,93,8
708,1792,78,53,25
709,1795,32,41,3
710,1797,41,28,52,15
711,1798,29,74,95
712,1801,18,33,68,81
713,1802,61,13,68
714,1806,28,39,89,59
715,1809,17,24,17
716,1811,87,29,74,3
717,1815,36,73,84,94
718,1816,29
719,1818,52,76,13
720,1822,22,30,47
721,1824,69,46
722,1825,31,8,34,38
723,1828,31,31,59
724,1832,34,56,41,10
725,1833,88,10,13
726,1835,95
727,1838,18
728,1840,97,66,38
729,1841,3,28,72
730,1842,86,84
731,1843,71,85
732,1846,87,3
733,1847,53,53,2
734,1848,82,32,41,35
735,1851,40,75,94
736,1853,93,69,59
737,1857,28,79,8
738,1859,1
739,1860,6,89,52
740,1861,59,17
741,1863,48,91
742,1864,68,86
743,1868,19,40
744,1869,85,93
745,1872,47
746,1876,62,80,79,44
747,1877,53,59
748,1880,66,53
749,1884,66,71,4,6
750,1887,53,94,78
751,1888,53
752,1889,1
753,1892,90,79
754,1895,40,63,90,37
755,1897,76,77
756,1898,16,90,53
757,1902,3,99,16,2
758,1904,50,40,53
759,1907,65,6,20,72
760,1911,45,3
761,1912,6,73,31,26
762,1916,30,24
763,1919,37,60
764,1922,79,98,5
765,1925,59,4,63
766,1928,65
767,1931,97,19
768,1934,60,18
769,1938,92
770,1939,76,9
771,1941,49,63,77,5
772,1943,76
773,1945,73,86,62
774,1947,16,83,82
775,1948,73
776,1952,46
777,1953,92,71
778,1955,95,6,67
779,1959,56,34,51
780,1961,41,65,75,73
781,1964,47,58
782,1968,36
783,1972,85
784,1974,91
785,1976,22,95,85,94
786,1977,29
787,1981,98,51
788,1982,68,42,21
789,1985,67,17,80,90
790,1986,11
791,1988,41,73
792,1990,43
793,1992,69
794,1994,35,58,89,56
795,1998,29,14,60
796,2001,75
797,2005,54,67,69
798,2009,92
799,2011,7,6
800,2013,64
801,2017,74
802,2020,77,9
803,2024,13,90,78,22
804,2028,59
805,2029,92
806,2033,33,35,80
807,2035,88,27,90
808,2038,38,41,22
809,2041,59,70
810,2044,53
811,2047,45,18
812,2048,76,80,97
813,2049,25,14
814,2053,77
815,2057,85,94,35,69
816,2061,15,36,63,47
817,2064,37,30,97
818,2066,16
819,2067,26,56,63,94
820,2069,6,69,91
821,2071,61,88,34,96
822,2074,78,19
823,2076,85,88,77,33
824,2077,99,78,25
825,2080,35,56,15,61
826,2084,10,79,17
827,2087,9,98,85
828,2091,58,32
829,2094,47,11,73
830,2096,26
831,2100,43
832,2104,40,22,64
833,2107,70,63
834,2109,58,98,24
835,2113,54,38
836,2114,99,20,81,23
837,2115,90,4,70
838,2119,43,66
839,2120,19,41
840,2124,70,67
841,2128,88,27,81
842,2129,21,82
843,2132,4,71,94
844,2133,50,48,21,16
845,2136,45,96,56
846,2137,69,9,6
847,2140,43,51,51
848,2141,87,99,17
849,2144,89,29,49,13
850,2146,41,26,88
851,2149,94,36
852,2151,55,94
853,2152,71
854,2154,83,3,72
855,2156,98,49,85
856,2159,39
857,2161,64,99,40,77
858,2162,4
859,2165,69,89
860,2169,62,85
861,2170,64,19,39
862,2173,83,40
863,2177,80,63,6
864,2180,28,4,57,26
865,2181,47
866,2182,8
867,2185,22,40,92,78
868,2186,46,96
869,2188,89,83
870,2191,62,30,87
871,2192,23,21,65
872,2194,10,86,20,71
873,2198,14
874,2200,91,15
875,2201,49,28,52,99
876,2202,91,17,27,16
877,2206,25,64
878,2210,53
879,2211,99,2,40
880,2213,98,56
881,2216,22
882,2218,96,7
883,2219,63
884,2221,45
885,2222,84,96,57,56
886,2225,73,39
887,2227,43,3,76,52
888,2229,86,57,91,31
889,2231,97,27
890,2234,90,93,54,37
891,2236,96,64,96,25
892,2238,83,95
893,2240,75,59,20,91
894,2244,66
895,2245,40
896,2249,57,92
897,2253,94,30
898,2254,16
899,2258,12
900,2261,74,53,20
901,2264,16
902,2265,96,61
903,2266,54,75,80,97
904,2269,36,14,41,81
905,2271,53,29,71
906,2273,28,96
907,2275,52,13,35
908,2278,34,44,9
909,2281,55,1,44
910,2285,66,45,19,39
911,2287,17,29
912,2290,18,78
913,2291,43
914,2295,43,48,31,32
915,2297,14,50,2,36
916,2300,84,11,37
917,2304,14,29,23,27
918,2305,62,97
919,2306,9,53
920,2310,13,12,20,27
921,2313,44,71
922,2315,36,34
923,2319,72
924,2321,97
925,2324,32,45,59,78
926,2325,55,33,85,7
927,2329,52,56
928,2330,13,59,63
929,2331,63,33,80
930,2333,65
931,2337,32,54,45,59
932,2340,65,16
933,2341,64
934,2343,67,67
935,2345,53,48,54
936,2349,59,74
937,2353,92,42,68,58
938,2355,73,13
939,2357,74
940,2361,81
941,2364,13,84
942,2365,28,75,12
943,2367,22,57,96,66
944,2371,84,89,91
945,2375,28,8,74
946,2378,79,99,55,15
947,2380,9,27,63,95
948,2381,99
949,2384,81,61,34,18
950,2388,53,57
951,2389,91
952,2391,23,33,90,71
953,2393,91,67,98
954,2395,81,86,75,58
955,2398,84,12
956,2400,47,93,71
957,2403,73
958,2407,12
959,2410,8,79,81,18
960,2414,70,31
961,2416,94
962,2419,18,26,33
963,2420,29
964,2422,60,66
965,2425,1,65,6,4
966,2428,17,41,80,32
967,2430,4,93,68,71
968,2434,89,18,9
969,2437,63
970,2439,72,86,77,49
971,2440,97
972,2443,42,15,95,57
973,2447,77,53,5
974,2448,41,45,30,59
975,2450,85
976,2451,74,59,49,57
977,2453,38,55,57,42
978,2456,33,1,96
979,2460,57,84
980,2461,88
981,2463,1,44
982,2465,89,79,81,48
983,2468,83,3,71,23
984,2472,45,36,12
985,2474,73
986,2477,90,31,1,97
987,2478,40,50
988,2479,49,24,64,34
989,2482,20,37,70
990,2485,80
991,2486,61,43,85
992,2487,35,25
993,2490,4
994,2493,36,22
995,2494,34,99,37
996,2496,25
997,2497,76
998,2498,79
999,2501,55,63
1000,2504,53,83,53
1001,2507,52,13,19
1002,2510,88,31,77,20
1003,2514,13,10,7,87
1004,2515,99,6,57,60
1005,2518,50,70,5,76
1006,2522,38
1007,2526,56
1008,2530,49,86,14,22
1009,2531,79,92,61
1010,2534,35,61
1011,2537,15,21,78
1012,2539,74
1013,2540,37,62,12
1014,2542,74,30
1015,2546,92,64
1016,2547,53,64
1017,2550,93,78
1018,2552,19,49,96
1019,2555,32,59,79
1020,2556,12,38
1021,2560,48,24,19,4
1022,2561,6,9,51,7
1023,2565,54
1024,2566,44,41,21
1025,2568,5
1026,2569,79,49
1027,2571,17
1028,2572,99,11
1029,2574,31,40
1030,2576,10,39,90
1031,2578,52,49,69,41
1032,2582,42
1033,2583,71,60,61
1034,2587,34
1035,2589,64
1036,2591,16,39,13,79
1037,2595,4
1038,2596,82,35,93
1039,2599,89,66
1040,2603,30,98,48
1041,2606,49,43
1042,2610,4,38,77
1043,2612,48
1044,2615,43
1045,2618,36,66,35,67
1046,2619,2,82,2,85
1047,2621,32,12,83,80
1048,2625,43
1049,2628,94,17,90
1050,2630,60,54,67
1051,2631,46,44
1052,2634,12,58,13
1053,2635,74
1054,2639,32,37,31
1055,2641,73,26,89,95
1056,2645,69,36,10
1057,2646,6,18,34,43
1058,2648,25,20,32
1059,2651,19,43,83
1060,2652,9,55,28,4
1061,2655,96
1062,2658,37,66,73
1063,2661,60
1064,2665,46,26,57
1065,2667,16,18,91,79
1066,2670,55
1067,2672,11
1068,2675,90,42,21,70
1069,2676,51,68,92,24
1070,2677,86
1071,2678,94,47,92,75
1072,2682,17,44,45,87
1073,2685,73,97
1074,2689,68,40
1075,2691,40,41
1076,2694,39,98,66,11
1077,2695,64,94,56,77
1078,2696,73
1079,2699,44,87,27
1080,2700,6,66,20
1081,2701,5,58,37
1082,2705,57,79,99,85
1083,2706,71,22
1084,2710,77
1085,2712,14,32
1086,2714,17,46
1087,2716,24,70
1088,2718,45
1089,2719,90
1090,2723,22,11,71
1091,2724,46,41
1092,2727,2
1093,2730,64
1094,2733,15,75
1095,2736,33
1096,2738,14,46
1097,2739,28
1098,2742,26,27,35
1099,2744,66,49,80,10
1100,2747,3
1101,2749,54
1102,2753,87,9,11,62
1103,2757,27,98,9,73
1104,2760,64
1105,2764,22,27
1106,2767,64,44,92
1107,2768,16,31,86,13
1108,2772,42,64,98
1109,2776,62,26
1110,2780,44
1111,2782,30,60,93,51
1112,2783,56,80
1113,2784,37,41,81,71
1114,2786,81,40
1115,2790,16
1116,2792,66,39,53
1117,2796,91,29,14
1118,2797,93,64,64,26
1119,2800,96
1120,2803,56,49,9,33
1121,2807,80,65,36,27
1122,2809,54,12,4,83
1123,2811,2,84
1124,2814,90,8,75
1125,2816,19
1126,2819,99,14
1127,2821,59,23
1128,2822,28,42,92
1129,2824,98,54,87,31
1130,2825,15
1131,2827,5,23
1132,2831,61,87,27
1133,2832,3,64,19,93
1134,2834,84,64,54,95
1135,2836,73,10,99,44
1136,2838,84,2,10
1137,2841,95
1138,2842,47,23
1139,2843,63,52,68,41
1140,2844,51,58,71,1
1141,2847,92,74,36,30
1142,2851,48,31,22
1143,2854,94
1144,2856,67,23,48
1145,2859,26,94,28,98
1146,2863,78,27,69,89
1147,2867,65
1148,2869,33,69,65,55
1149,2872,24
1150,2875,29,74
1151,2879,71,34,35,35
1152,2880,76
1153,2882,48
1154,2886,49,19,98
1155,2888,79
1156,2891,42,36
1157,2894,62,36
1158,2898,53,61,14,55
1159,2899,7,82
1160,2901,83,65,93,20
1161,2902,33,17,42
1162,2906,29,74
1163,2910,76,80,8,40
1164,2914,65,9
1165,2915,49
1166,2918,38,97
1167,2920,79,62
1168,2922,58,3,39
1169,2926,2,31
1170,2927,88,15
1171,2930,36,12,32
1172,2931,51,71,78,77
1173,2934,9,2,48,48
1174,2936,91
1175,2938,20,72,37,72
1176,2942,40,52
1177,2945,86,27,24,7
1178,2948,55
1179,2950,79
1180,2952,8,88,31,14
1181,2954,8
1182,2957,51,85
1183,2961,78,62
1184,2965,22
1185,2969,87,72,36
1186,2970,74,79,14
1187,2972,65
1188,2974,45,80,73
1189,2975,34,4,55
1190,2978,36
1191,2979,2,66,64,30
1192,2980,21
1193,2984,35,59,62
1194,2988,99
1195,2990,46,46,11
1196,2994,8,63,3
1197,2997,99,98,60,37
1198,3000,82,72
1199,3001,55,37
1200,3002,11
1201,3003,60,69,68,48
1202,3007,86
1203,3008,42,1
1204,3009,68,96
1205,3011,82,40
1206,3013,61,37
1207,3015,32
1208,3017,59,15
1209,3021,43,67,42,36
1210,3022,94,99
1211,3025,77,84,16
1212,3026,1
1213,3030,79,91
1214,3031,62,85,99,40
1215,3034,63,35
1216,3036,29,72,40
1217,3039,53,44
1218,3043,95,99,23,43
1219,3046,22,93
1220,3049,34
1221,3051,36
1222,3052,21
1223,3053,91,47,38
1224,3057,88,69,14,5
1225,3061,77
1226,3065,89,68
1227,3068,10,41,21
1228,3072,80,29,52
1229,3073,21
1230,3074,57,71,69,57
1231,3077,21,39,5
1232,3078,76,56,90,31
1233,3082,13,65,13
1234,3085,34,9
1235,3087,10,98,8,18
1236,3090,99,2,62
1237,3092,29,89,43
1238,3093,16,88,77,37
1239,3096,17,37,54
1240,3098,20,12,7,76
1241,3100,57,9,86
1242,3104,29,45,49
1243,3106,84,77,35,63
1244,3109,43,89,61,4
1245,3111,91
1246,3115,90,39
1247,3119,11,44,9
1248,3123,66,2
1249,3127,39,22,77,21
1250,3129,45
1251,3130,23
1252,3132,87
1253,3136,38,59,33
1254,3137,51,93,39
1255,3140,58,19,91,49
1256,3142,48,52,56,60
1257,3146,97
1258,3150,60
1259,3153,98,92
1260,3156,70,98
1261,3159,10,63,51,29
1262,3160,69
1263,3162,83,40
1264,3166,92,69,17,10
1265,3169,33,73,20,33
1266,3172,49,35
1267,3176,54,47
1268,3180,28,95,83,7
1269,3184,69
1270,3188,78
1271,3192,40,16,77
1272,3194,49
1273,3198,68,86
1274,3201,50,77,9,55
1275,3203,21,4,72,30
1276,3204,36,86,82,65
1277,3206,27,88,47
1278,3210,2,65,67,44
1279,3212,14,63,45
1280,3216,86,32,70
1281,3220,61
1282,3223,17,98,8,43
1283,3226,41,1,18
1284,3227,30,22,14
1285,3230,81
1286,3232,85,12,41
1287,3234,38,58,43,72
1288,3237,14,91
1289,3238,71,97
1290,3242,18,23,55
1291,3246,48,5,96
1292,3247,69,28,68
1293,3249,2
1294,3252,58,50,45
1295,3256,70
1296,3257,18,24,61,31
1297,3260,81,3,36,35
1298,3261,60,68,65
1299,3264,54,58,68
1300,3265,37,70,70
1301,3268,95,65
1302,3272,25
1303,3275,77,32
1304,3278,59,5,38,42
1305,3280,21,49,38,49
1306,3282,52,71
1307,3283,65,9
1308,3286,59,85
1309,3289,58
1310,3290,13,23,60
1311,3293,71,76
1312,3295,50,8,4
1313,3298,80,88
1314,3301,29,63,54,36
1315,3302,5,69,25,18
1316,3305,31,10
1317,3309,77,47,70,36
1318,3313,88,68
1319,3316,7,45
1320,3317,91,96,87,98
1321,3321,31,12,84
1322,3322,28
1323,3326,61,60,61
1324,3329,18
1325,3331,61,58,72,53
1326,3333,98
1327,3337,62,3,92,5
1328,3339,55,66
1329,3343,68,13,44,62
1330,3346,96,26,77
1331,3347,91
1332,3348,66,55,36
1333,3351,22,42,89,71
1334,3352,99,14
1335,3354,67
1336,3355,24,79,20
1337,3359,59,21,57
1338,3361,67,51
1339,3363,97,97,59
1340,3366,33
1341,3368,41
1342,3371,98,1
1343,3373,19,77
1344,3374,83,4,69
1345,3377,13,75,83
1346,3379,58,34,71
1347,3382,46,60
1348,3385,52,40,46
1349,3387,19,44
1350,3391,54,81,54,13
1351,3392,26,51
1352,3395,13,92,72
1353,3399,23,13
1354,3403,70
1355,3406,5
1356,3407,98,85,99
1357,3408,77
1358,3411,66,22,36
1359,3412,29
1360,3416,87,71
1361,3417,36,10,4,13
1362,3421,55,54,18
1363,3422,57,26
1364,3423,81
1365,3424,39,25
1366,3427,27,77,46
1367,3430,53,96,92
1368,3431,95,17,40,60
1369,3433,20
1370,3434,47,29,78
1371,3435,46,39,61,32
1372,3436,76,40,92
1373,3439,89,69,95
1374,3441,33,33,46
1375,3442,70,9,41,59
1376,3445,98
1377,3447,40,93,66
1378,3448,16,37
1379,3452,87,38,51
1380,3455,45,88,29
1381,3457,26,22
1382,3458,39,38,94,12
1383,3460,12,63
1384,3463,62,64
1385,3466,19,27,98
1386,3470,40,12,2
1387,3474,65,78
1388,3477,20,85,5
1389,3479,60,42
1390,3480,76,56
1391,3483,66,41,40
1392,3487,74
1393,3489,24
1394,3492,34,53,77
1395,3496,4,37,41
1396,3499,17,80,48,67
1397,3500,73,22
1398,3502,45,20,90
1399,3504,31,47,33
1400,3505,85,26,80,29
1401,3506,31
1402,3510,47,47,77,89
1403,3514,20,57,76,39
1404,3517,82,31,25,18
1405,3521,42,32,9,66
1406,3522,79,66,98,48
1407,3523,46
1408,3526,10,14,96
1409,3528,37
1410,3532,74,49,83,70
1411,3535,20,27,51
1412,3536,9
1413,3539,63,78,19,69
1414,3542,43,74,79
1415,3546,52
1416,3548,32,90,17
1417,3551,44,14,52,39
1418,3555,38,4
1419,3556,64,69,86,44
1420,3559,49,47,46
1421,3562,86,22
1422,3563,33,95,86
1423,3567,46,70,5
1424,3570,63,7
1425,3573,52,44,76,47
1426,3576,91,8,29
1427,3580,53,24
1428,3583,38,60,53,84
1429,3585,9,44,84,56
1430,3587,39
1431,3590,87,95
1432,3593,12
1433,3594,39
1434,3596,64,60,85,17
1435,3598,80,4
1436,3601,47,34,46
1437,3605,74
1438,3609,81
1439,3611,99,39
1440,3613,9
1441,3615,3,58
1442,3618,93,21,24
1443,3622,6,50
1444,3624,22,37,41
1445,3626,7
1446,3630,92,21,36
1447,3631,41,44
1448,3634,2,19
1449,3636,81,14,93,6
1450,3638,22,17
1451,3641,78,7,83,4
1452,3644,9,7,24
1453,3645,87,87,3,44
1454,3649,49,74,24,89
1455,3652,53,74
1456,3653,90
1457,3654,80,70,3,15
1458,3656,60,86
1459,3659,50,76
1460,3660,28,14,45
1461,3664,21,74,3
1462,3665,62,68,50
1463,3666,10,9,57
1464,3668,46,82,60
1465,3671,33,95
1466,3674,38,82,54,67
1467,3676,54,11,27
1468,3678,96,5,95
1469,3679,59
1470,3680,66,82,19,64
1471,3683,57,70,18,14
1472,3685,22,60,97
1473,3687,81,16,37,72
1474,3691,3
1475,3695,77,79
1476,3699,71,46
1477,3702,89
1478,3706,54,38
1479,3707,78,70,69,50
1480,3709,10,18,52,27
1481,3710,14,40,35
1482,3713,7,8,23,15
1483,3715,32,53
1484,3719,65
1485,3722,65
1486,3723,58
1487,3724,73
1488,3726,29
1489,3728,44,90
1490,3729,65,32,99,71
1491,3732,32,85,74,39
1492,3733,6,62,75
1493,3734,17,58,54,40
1494,3736,92
1495,3739,92
1496,3742,66,40,98
1497,3746,84
1498,3747,6
1499,3750,4,75
1500,3752,29,12,67,92
1501,3755,12
1502,3756,47,51,7
1503,3758,89
1504,3761,22,52
1505,3764,17
1506,3768,85,20,43
1507,3771,57,2
1508,3773,13,19,25,72
1509,3775,1,47,82
1510,3779,42,13,36,80
1511,3781,65
1512,3783,91,31
1513,3787,87
1514,3790,52
1515,3791,71,66,75,24
1516,3793,31
1517,3796,1,33,78
1518,3799,78,53,59
1519,3803,21,22
1520,3806,26,9
1521,3810,6,41,97,31
1522,3811,88,81
1523,3815,42
1524,3817,17,96,76,48
1525,3818,20
1526,3819,1,54,37,8
1527,3821,19
1528,3822,44,69,7
1529,3825,54
1530,3829,39,82,1
1531,3833,27,59,28,50
1532,3837,82,14
1533,3838,47,29,3,81
1534,3841,33
1535,3845,76,20
1536,3847,84,34,79,16
1537,3849,22,19,88
1538,3850,5,34,94,85
1539,3854,71,99,93
1540,3855,7,23,87
1541,3856,31
1542,3858,49,31,49
1543,3862,51
1544,3864,46,29,21,19
1545,3866,99
1546,3870,33,1
1547,3872,43,83,51,47
1548,3876,68,71
1549,3878,49,21,77
1550,3882,91
1551,3884,72
1552,3888,9,62,22,80
1553,3891,56,73,16,32
1554,3895,33,74
1555,3899,9,12,69
1556,3903,47
1557,3905,63
1558,3906,78,55,5,73
1559,3910,1,42,30
1560,3912,11
1561,3914,42
1562,3917,47,31,44,22
1563,3919,13,37,74,22
1564,3922,41,73
1565,3926,34,3,14
1566,3928,82,19
1567,3932,65,44
1568,3933,10,66,74
1569,3934,95
1570,3935,81,78
1571,3936,39
1572,3939,50,59,9
1573,3940,43,22,62
1574,3941,82,9
1575,3945,67
1576,3948,22
1577,3949,67,45
1578,3953,45
1579,3957,33,28
1580,3958,21,66,42,67
1581,3960,42
1582,3964,44,49
1583,3967,34,87
1584,3969,33,86
1585,3972,46
1586,3976,50
1587,3979,98,15
1588,3983,88,68,3
1589,3985,41,21,96
1590,3986,33,27,74,7
1591,3990,11,39,41
1592,3991,9
1593,3993,81,94,27
1594,3996,68,79
1595,3998,77
1596,4002,68,67,19
1597,4006,19,29,50,68
1598,4010,70,21,10
1599,4012,79,99,28,4
1600,4015,84,62,28,12
1601,4019,74,56
1602,4020,76,49,24
1603,4024,64,31,33
1604,4025,28
1605,4028,63
1606,4031,59,95,91
1607,4033,50,28,9,76
1608,4034,73,21,68,81
1609,4036,19
1610,4039,98,99,81,56
1611,4042,73
1612,4045,13,72
1613,4049,51,54
1614,4051,27,26
1615,4054,15,86,2,17
1616,4057,56,27
1617,4059,33,54
1618,4061,4,49,10,35
1619,4063,96
1620,4065,89,82,56
1621,4069,32
1622,4070,89,50,28,56
1623,4074,3,6
1624,4077,2,55,81,61
1625,4078,69,5,22
1626,4079,96,37
1627,4081,37,74,85,27
1628,4082,89,98
1629,4086,12,57
1630,4088,27,42,26,68
1631,4091,40,93,44
1632,4092,9
1633,4096,98
1634,4097,74,33
1635,4101,13
1636,4104,69,50,41,13
1637,4106,71,49,70
1638,4108,88,11
1639,4111,32,97,5,72
1640,4115,15,28
1641,4119,7,88,25,38
1642,4121,87,8,92,61
1643,4122,57
1644,4123,81
1645,4124,91,62
1646,4127,32,57
1647,4130,10,76,25
1648,4132,97,50,15,28
1649,4136,95,41,27
1650,4138,91,74
1651,4140,34,69
1652,4143,43
1653,4147,29
1654,4151,29,21,77,44
1655,4152,86,37
1656,4153,46,50,8
1657,4155,93,51,88,4
1658,4156,73
1659,4160,1
1660,4164,67,5,91
1661,4168,84,11
1662,4169,48,17,74,31
1663,4170,53,76,31,51
1664,4171,63
1665,4174,68,40,41,19
1666,4176,92,87,20,56
1667,4180,78,6,76
1668,4182,53,37
1669,4183,57,28,92,23
1670,4185,38
1671,4188,86,40,62
1672,4191,93,90,3
1673,4192,74
1674,4195,17,43
1675,4196,23,32,15,90
1676,4200,1,61,88,52
1677,4203,4,58,67
1678,4206,53,58
1679,4208,6,24
1680,4211,65,32
1681,4215,53,79,95
1682,4219,40,55,42
1683,4222,98
1684,4226,30,85,98
1685,4228,24,41
1686,4231,96,88,27
1687,4235,87,71,5
1688,4239,61
1689,4243,9,6,30
1690,4246,46,68,49,54
1691,4248,63
1692,4252,7,47,5
1693,4255,18
1694,4258,48
1695,4261,76,13,79
1696,4265,72
1697,4269,11
1698,4272,96,88
1699,4276,30,20
1700,4279,6,97,65
1701,4280,66
1702,4284,27,16
1703,4286,88,15
1704,4288,27
1705,4291,89
1706,4293,68,52
1707,4297,53,83
1708,4298,8,82,13
1709,4299,61
1710,4303,63,69,57
1711,4306,6,65
1712,4310,91,35,67,33
1713,4312,66,88,79
1714,4314,33,27,69,77
1715,4318,63,61
1716,4322,98,57
1717,4324,96,24,5,49
1718,4328,47,95,69
1719,4329,89
1720,4331,85,13
1721,4335,31,19,58,15
1722,4338,86,75,5
1723,4340,5,89,47,91
1724,4341,35,9
1725,4343,6,51,48
1726,4345,11,25
1727,4348,44,60,97
1728,4351,80,40
1729,4355,59,11,39
1730,4357,65,13,70
1731,4360,27,98
1732,4364,68
1733,4366,62,71
1734,4368,51,76,22,59
1735,4369,88,83,42,76
1736,4371,59
1737,4373,28,89,62
1738,4377,1,25
1739,4380,43,29,24
1740,4381,58,24,3,46
1741,4384,76,25
1742,4386,69
1743,4390,19,84
1744,4391,55,9,32,74
1745,4392,10
1746,4393,89
1747,4394,22,70
1748,4396,69,23,7
1749,4399,76,84
1750,4400,71,24
1751,4401,6,88
1752,4404,78,52
1753,4408,95,28,8,65
1754,4410,77
1755,4412,76
1756,4413,32,50
1757,4415,18
1758,4418,80
1759,4422,34,71,16
1760,4423,95,72,73,37
1761,4427,58,1,72
1762,4430,17,3
1763,4432,6,79
1764,4434,1,32,90,38
1765,4437,19,47,71
1766,4440,57,96
1767,4442,70,60
1768,4444,79,99
1769,4448,15,21,15,40
1770,4452,22,43,75
1771,4456,95
1772,4460,72
1773,4462,43,81,62,96
1774,4465,58,95,57,39
1775,4468,41
1776,4470,55,46,17,53
1777,4472,47
1778,4474,91,46
1779,4476,9,48,66,21
1780,4477,88,30
1781,4480,67,37,18
1782,4484,21,49,89
1783,4486,81,72,88,71
1784,4490,61,55,60,14
1785,4493,55,85,59
1786,4496,46,38,44
1787,4500,36,89,51
1788,4502,93,77,86
1789,4503,29,9,79
1790,4505,93,89,50
1791,4506,13,66
1792,4507,50,41,21,94
1793,4511,56
1794,4513,59,94,95,26
1795,4515,97
1796,4518,47
1797,4521,42
1798,4524,61,45,73
1799,4528,49,19,72,1
1800,4530,96,14,8,12
1801,4533,14,69
1802,4537,42
1803,4539,26,92,56,96
1804,4543,8,73
1805,4547,41,90,94
1806,4551,20,53,63
1807,4553,76,17,84
1808,4555,68,25
1809,4559,53
1810,4562,9
1811,4564,14,3,51
1812,4566,87,63
1813,4570,18,4,68
1814,4574,46,5,21
1815,4575,50,36
1816,4577,42,84,2,95
1817,4581,17,21,1
1818,4585,43,54,30
1819,4587,97,58,84
1820,4590,68
1821,4592,98
1822,4594,60,59
1823,4596,81,92,16,28
1824,4597,80,73,55
1825,4600,53,11
1826,4601,20,28
1827,4602,60,13
1828,4605,73
1829,4606,89,19,30,21
1830,4610,3,50
1831,4611,10,99
1832,4612,72,72
1833,4615,12,48,83
1834,4618,1
1835,4619,98,34,22,47
1836,4621,85
1837,4625,40,32
1838,4626,19,24
1839,4627,68,27,62,92
1840,4628,83,64
1841,4630,43,93
1842,4633,7
1843,4636,17,29
1844,4640,19,63,15,99
1845,4643,49,58
1846,4647,58,13,97,52
1847,4649,38,85,36
1848,4652,6,71,50
1849,4654,66,80
1850,4655,60,90
1851,4658,79,52
1852,4662,45
1853,4663,54
1854,4664,28
1855,4668,96,94
1856,4670,26,4,20,71
1857,4673,46,86,93
1858,4675,4
1859,4677,63,19
1860,4678,24,53
1861,4680,41,3
1862,4681,55,69
1863,4683,98,88,4,68
1864,4684,80,95,11,86
1865,4687,66,47
1866,4689,60,85,89,7
1867,4692,76,43,34,47
1868,4694,30
1869,4697,60
1870,4701,12,1,45,84
1871,4705,98,6
1872,4709,5,96,66
1873,4711,94,92
1874,4715,79
1875,4719,77,90
1876,4720,63,29,58,86
1877,4722,26
1878,4725,81
1879,4726,39,65,82
1880,4730,18,76
1881,4731,43,15
1882,4735,69
1883,4736,41,84
1884,4738,74,5,84
1885,4740,80,71
1886,4742,78
1887,4743,34,61,75
1888,4745,3,43
1889,4746,37,66,96,53
1890,4748,89,95
1891,4749,82,5,59
1892,4751,63,75,22
1893,4753,26,30,77,56
1894,4757,36,59
1895,4760,34
1896,4761,64
1897,4762,59,19,6,84
1898,4764,16
1899,4765,21,73,20,98
1900,4768,64,31,60
1901,4770,7,21,58,52
1902,4771,49,33,44,29
1903,4774,97,4
1904,4776,75,93,6
1905,4780,47,19,70
1906,4784,87,6,18,13
1907,4788,42
1908,4791,44,56
1909,4794,81,58,30,59
1910,4795,54,95
1911,4798,61,77,29,56
1912,4799,84
1913,4800,7,55
1914,4802,66,48
1915,4805,50
1916,4807,36
1917,4808,82,69
1918,4810,23,80,27
1919,4813,88,20,68
1920,4817,69
1921,4818,42
1922,4821,2,79
1923,4824,82,63,16,50
1924,4825,14,29,94,53
1925,4827,23,77,38,98
1926,4830,23,73
1927,4834,95,73
1928,4837,80,7
1929,4840,89,21
1930,4842,78,5,53
1931,4846,2,99,44,48
1932,4847,51,90,56
1933,4851,94,62,59,33
1934,4855,75,21,79
1935,4856,27,10,12
1936,4857,20
1937,4860,85
1938,4864,79
1939,4867,79,29
1940,4871,32,76
1941,4873,15
1942,4876,3
1943,4878,1,63,89
1944,4879,60,52
1945,4881,7,48,79
1946,4884,77
1947,4888,23,60,34
1948,4891,57,78,85,49
1949,4893,70
1950,4894,67,68
1951,4897,56
1952,4901,84,71,7
1953,4904,99,46,34,14
1954,4907,35,80,75,1
1955,4910,6,66,78
1956,4911,69
1957,4914,6,43,73
1958,4917,74
1959,4919,59,32,4,84
1960,4921,29,60
1961,4923,27,85
1962,4924,28
1963,4928,50,43,78,20
1964,4932,36
1965,4934,13,1
1966,4936,76,72
1967,4940,58,47,86,59
1968,4941,36,59,75,65
1969,4942,45,18
1970,4945,3
1971,4947,62
1972,4950,75,34
1973,4952,16,72
1974,4956,58,5,84,58
1975,4959,95,7
1976,4961,26
1977,4965,29,29,6
1978,4969,44,69,3,21
1979,4971,65,79,57,22
1980,4973,42,71,10
1981,4977,30,79,15
1982,4980,58
1983,4981,1,57,42,77
1984,4982,15
1985,4986,62,32
1986,4988,53
1987,4990,6,44
1988,4992,38,16,86,48
1989,4995,47,35,13
1990,4996,27,63,75
1991,4999,41,73
1992,5001,3,56,12,76
1993,5005,33,29,66,41
1994,5008,86,85,78,92
1995,5011,13,31,61
1996,5013,4,5,93
1997,5017,21,20
1998,5018,53,89,43
1999,5021,41
