PID,Submitted,Started,Completed,Queues,Executing,IO
0,3,19,958,47,260,3
1,6,68,562,42,168,3
2,9,70,592,22,484,4
3,13,36,316,40,159,7
4,14,104,862,6,53,9
5,16,111,35,21,155,2
6,17,68,386,38,279,1
7,18,43,375,16,296,5
8,19,45,789,31,304,8
9,20,68,247,46,166,7
10,23,29,685,34,135,9
11,26,69,807,37,334,8
12,29,91,977,25,227,4
13,30,46,555,20,44,2
14,31,77,252,35,394,9
15,32,34,178,40,342,1
16,35,71,787,10,322,5
17,38,114,811,8,4,1
18,40,118,364,22,152,4
19,41,106,339,30,229,6
20,42,99,407,5,339,6
21,45,140,940,3,337,7
22,48,59,330,43,219,8
23,51,150,261,32,387,9
24,52,85,953,25,44,5
25,53,126,598,22,422,1
26,56,101,487,4,404,9
27,57,97,737,41,25,1
28,60,135,595,29,95,1
29,64,147,654,15,398,4
30,67,115,170,33,84,7
31,71,91,740,5,313,8
32,74,84,219,45,84,3
33,77,92,503,26,388,4
34,79,99,685,40,210,3
35,82,119,810,5,147,6
36,84,91,626,16,461,4
37,87,156,653,32,267,1
38,88,186,1010,6,199,2
39,90,129,537,37,83,5
40,94,119,754,9,387,7
41,95,140,1047,2,432,8
42,98,152,125,22,411,8
43,102,197,562,5,424,3
44,104,164,553,23,157,4
45,108,187,741,43,95,4
46,109,149,488,48,410,9
47,110,176,203,29,70,4
48,111,178,190,4,321,7
49,112,140,881,11,342,6
50,115,190,927,9,42,5
51,118,215,251,11,106,6
52,119,167,344,10,419,4
53,122,220,290,34,13,1
54,126,195,910,18,188,5
55,130,176,643,33,365,2
56,131,144,503,33,450,4
57,135,232,1016,29,56,2
58,138,176,563,30,456,2
59,141,143,413,5,54,9
60,143,228,345,5,495,5
61,146,232,398,16,477,6
62,150,218,796,43,177,9
63,153,213,931,47,279,4
64,155,216,263,31,426,5
65,157,187,1076,49,328,9
66,160,178,472,47,397,3
67,163,205,470,49,166,8
68,167,215,855,39,44,5
69,169,196,665,29,199,1
70,170,197,479,40,192,5
71,171,258,490,33,440,1
72,172,179,1132,26,224,3
73,174,180,411,22,116,7
74,175,179,584,41,52,3
75,178,183,182,28,359,4
76,181,242,602,43,63,5
77,185,214,916,43,443,9
78,188,270,220,45,103,8
79,192,276,1151,8,203,9
80,196,266,547,28,245,6
81,197,296,859,37,310,1
82,198,240,972,16,101,8
83,199,224,657,2,30,3
84,203,292,925,39,186,1
85,205,219,316,10,142,5
86,208,230,943,2,76,3
87,211,295,346,22,185,5
88,213,284,878,6,388,8
89,215,285,887,49,95,5
90,217,293,228,8,449,5
91,221,253,398,15,329,4
92,223,314,668,6,435,2
93,225,302,570,23,115,1
94,226,291,1169,33,420,8
95,227,320,973,16,172,3
96,229,279,1014,8,425,2
97,230,283,369,38,116,8
98,231,283,936,8,323,1
99,232,288,681,25,364,4
100,234,321,789,38,30,3
101,235,242,575,36,144,4
102,238,278,981,16,208,8
103,239,263,852,10,88,9
104,241,263,1054,34,302,5
105,243,279,659,24,237,2
106,246,316,794,49,465,7
107,249,305,648,32,359,1
108,251,284,577,26,299,9
109,255,317,974,34,89,4
110,256,343,354,16,6,1
111,259,318,1005,42,1,1
112,263,323,707,33,146,1
113,267,273,941,13,131,5
114,270,363,1221,13,304,9
115,272,365,741,31,98,8
116,276,367,799,48,408,4
117,278,340,926,45,439,6
118,280,357,917,4,173,4
119,282,330,648,48,400,1
120,283,310,757,9,329,2
121,284,374,575,21,358,7
122,286,376,1003,13,54,4
123,288,303,330,16,61,7
124,292,389,954,17,419,5
125,293,364,792,6,197,9
126,296,327,728,4,103,4
127,299,301,491,28,275,6
128,302,347,1144,29,287,7
129,305,365,1051,11,395,4
130,306,361,565,21,265,4
131,308,309,871,23,80,3
132,311,344,594,16,193,5
133,314,413,932,14,10,2
134,318,383,765,21,128,3
135,322,393,493,42,159,9
136,323,378,644,44,152,3
137,326,361,979,11,207,2
138,327,331,1276,10,131,5
139,329,394,656,44,448,4
140,332,367,779,38,124,7
141,333,356,996,21,438,3
142,336,413,1138,17,280,4
143,337,363,1142,29,236,8
144,338,387,931,42,376,4
145,342,387,630,7,303,2
146,343,441,848,11,399,8
147,347,437,738,12,174,7
148,350,434,1286,24,132,8
149,352,408,409,37,187,7
150,353,451,1072,11,487,8
151,357,394,1173,44,42,9
152,360,366,810,20,405,4
153,363,416,1091,21,320,4
154,365,403,522,15,394,1
155,368,464,548,46,485,3
156,372,407,944,8,478,9
157,373,389,881,3,301,6
158,377,457,1306,46,248,7
159,379,410,780,1,405,7
160,380,403,804,49,313,6
161,383,415,1223,29,205,8
162,385,434,1065,20,150,1
163,388,397,1105,37,304,3
164,392,424,728,42,213,1
165,396,452,882,35,68,3
166,399,421,1116,38,316,4
167,401,428,1357,25,76,3
168,402,432,502,46,133,4
169,404,459,970,6,372,2
170,408,439,1099,38,369,4
171,410,505,1392,10,431,5
172,413,480,1083,20,94,6
173,415,423,933,31,111,4
174,418,480,644,20,414,3
175,421,452,861,4,275,7
176,422,479,1164,40,187,5
177,424,461,1212,24,61,7
178,428,458,1182,28,494,9
179,432,455,1222,29,47,1
180,436,500,493,11,102,1
181,437,491,759,20,100,9
182,439,452,963,42,139,1
183,442,453,887,23,220,7
184,444,492,558,27,149,9
185,448,529,740,37,23,1
186,452,483,1376,17,301,7
187,456,496,513,23,160,5
188,457,497,518,15,36,1
189,460,499,863,2,256,9
190,464,555,946,44,418,5
191,466,560,1247,33,230,5
192,468,536,742,47,400,6
193,471,546,1280,6,446,8
194,473,533,1048,29,34,6
195,474,539,676,33,128,7
196,475,574,1193,37,414,7
197,479,533,1326,40,149,5
198,481,498,870,39,393,1
199,484,505,783,41,296,2
200,488,542,697,14,438,3
201,489,558,586,13,161,5
202,491,537,979,3,177,7
203,495,534,1314,45,307,1
204,498,548,621,31,139,1
205,501,566,1027,44,169,4
206,503,527,731,48,195,6
207,504,508,754,14,222,8
208,508,555,1367,35,179,7
209,509,601,985,38,109,5
210,513,581,1485,11,492,6
211,514,587,741,23,118,9
212,518,585,1294,35,88,2
213,522,606,625,36,310,7
214,526,625,1355,38,49,7
215,529,536,1358,8,447,2
216,533,537,1444,18,198,9
217,534,618,1413,4,463,2
218,538,632,720,48,438,8
219,541,572,1526,42,18,8
220,542,619,1121,17,238,5
221,543,624,1345,49,398,1
222,544,545,954,6,411,1
223,548,581,1181,21,468,4
224,550,570,1477,44,206,5
225,551,591,602,26,449,3
226,555,644,1477,30,16,9
227,557,606,1011,2,162,2
228,559,622,1273,1,157,2
229,561,652,1038,36,240,8
230,562,580,1111,11,328,3
231,564,608,1273,26,499,2
232,567,596,1454,17,474,4
233,570,601,628,8,449,4
234,571,582,1535,24,215,2
235,573,588,1358,5,473,9
236,575,628,1270,26,330,4
237,576,670,1047,28,425,3
238,579,617,1249,45,27,6
239,583,681,998,2,283,6
240,587,611,1556,3,497,1
241,590,656,1109,49,452,5
242,591,644,672,21,497,3
243,595,667,1350,37,398,7
244,598,652,735,45,49,7
245,602,675,675,21,412,7
246,606,638,1094,1,455,9
247,610,695,1301,11,144,9
248,614,630,1114,22,188,9
249,618,648,857,39,141,4
250,619,715,1244,48,342,9
251,620,635,1039,6,211,7
252,624,709,844,29,410,2
253,625,722,1097,6,486,3
254,626,702,1131,13,27,9
255,627,632,1289,48,172,6
256,630,685,1033,32,465,6
257,633,694,1404,1,394,6
258,634,730,1225,45,399,4
259,637,725,1543,14,495,6
260,640,682,776,30,295,6
261,641,678,784,49,27,1
262,642,719,729,40,231,8
263,645,711,1171,45,445,5
264,648,693,712,24,147,9
265,651,748,1390,10,134,6
266,655,701,1626,36,244,2
267,657,676,730,8,102,1
268,658,711,778,39,227,2
269,662,677,1380,10,166,9
270,663,695,792,15,470,8
271,667,747,868,32,258,3
272,668,763,755,36,335,8
273,670,702,1153,35,277,7
274,672,755,1235,26,83,5
275,673,712,1410,20,74,9
276,677,689,1647,2,496,5
277,680,740,1600,41,202,5
278,684,741,1008,8,5,3
279,688,696,884,43,394,3
280,690,737,708,6,256,1
281,691,696,1182,8,395,3
282,694,751,1485,13,194,1
283,695,764,900,41,301,2
284,697,771,1220,6,442,3
285,701,788,1168,38,310,2
286,704,788,1412,33,174,9
287,707,779,1591,6,406,9
288,710,802,1158,25,237,7
289,711,808,1520,28,483,7
290,714,796,1209,34,489,1
291,715,773,1384,40,162,5
292,716,718,1482,32,130,9
293,720,809,1147,9,446,4
294,721,745,1280,7,296,9
295,722,750,1003,18,450,3
296,725,819,1082,9,381,8
297,727,780,728,37,21,7
298,731,739,1011,48,476,5
299,732,808,1144,28,431,6
300,735,757,801,46,203,6
301,736,749,1058,40,447,1
302,739,810,1369,17,148,1
303,743,786,1468,14,425,3
304,744,779,1341,49,216,3
305,748,802,851,3,169,6
306,751,812,1347,37,115,1
307,754,789,1331,36,119,1
308,757,812,1301,22,412,7
309,760,824,878,39,237,8
310,762,780,1247,22,31,2
311,765,807,1253,6,69,6
312,766,829,1495,27,87,6
313,767,860,1142,2,331,3
314,769,833,813,32,446,3
315,771,823,1555,21,366,6
316,774,832,987,15,286,9
317,778,786,1003,41,110,3
318,779,844,1607,15,206,5
319,782,823,897,27,496,9
320,785,844,1441,39,346,2
321,788,823,1403,45,283,4
322,791,839,1378,5,21,6
323,795,853,1598,40,35,4
324,799,871,1426,7,386,5
325,803,889,1781,49,113,8
326,804,852,1724,10,3,1
327,806,823,1624,8,354,3
328,807,845,1684,15,175,6
329,808,842,1786,19,453,3
330,812,885,914,26,315,3
331,816,911,898,38,298,7
332,820,913,1181,31,189,7
333,821,915,1426,43,21,1
334,825,832,1282,39,59,7
335,828,835,1322,29,116,3
336,830,872,1707,27,453,5
337,832,864,1748,45,29,3
338,836,893,1696,8,204,6
339,839,864,1736,3,212,6
340,842,905,1235,42,466,9
341,844,845,878,5,2,6
342,847,944,1462,43,476,3
343,849,871,1118,35,133,6
344,850,860,1485,42,372,7
345,851,915,1552,25,203,8
346,855,941,1142,47,185,9
347,858,943,1427,1,330,7
348,860,907,1590,11,88,2
349,863,925,1594,43,4,7
350,866,930,1471,39,163,9
351,870,946,1669,13,188,7
352,874,900,1032,8,265,4
353,875,885,1601,36,258,3
354,878,901,1311,5,259,9
355,881,969,1348,20,236,4
356,885,909,1122,34,82,1
357,889,891,1633,36,217,3
358,891,940,1351,39,91,6
359,895,935,973,4,203,1
360,897,966,1885,8,20,5
361,901,976,1705,48,37,9
362,902,912,1856,45,476,6
363,905,911,1629,21,116,7
364,909,929,1891,49,476,4
365,912,983,919,44,430,6
366,916,920,1425,7,253,3
367,917,998,1316,48,258,2
368,919,933,1828,39,232,4
369,922,983,1352,30,482,8
370,925,992,1406,33,42,9
371,926,991,1825,28,12,2
372,930,982,1911,2,110,3
373,932,1007,1286,15,281,1
374,934,988,1258,24,12,8
375,938,969,1773,19,258,2
376,939,993,1814,37,325,9
377,942,1022,974,14,163,2
378,945,985,1457,17,302,6
379,949,1041,1856,17,216,6
380,953,972,1421,23,225,8
381,957,1044,1480,1,462,3
382,960,1058,1944,28,380,2
383,963,964,973,11,415,2
384,967,980,1473,6,52,5
385,970,1058,1498,33,457,7
386,971,1047,1400,2,82,6
387,975,1051,1091,1,3,8
388,977,987,1673,3,9,2
389,979,1044,1324,17,414,4
390,982,1028,1062,25,265,3
391,983,991,1252,9,378,3
392,986,1065,1671,42,125,1
393,987,1026,1641,3,224,7
394,988,1044,1946,47,437,4
395,989,1082,1909,24,276,7
396,993,1037,1231,37,343,4
397,996,1009,1616,37,71,5
398,999,1082,1305,10,123,7
399,1002,1056,1709,39,279,2
400,1006,1039,1774,10,175,9
401,1008,1035,1512,3,146,7
402,1010,1019,1771,20,191,3
403,1011,1096,1639,19,373,1
404,1013,1021,1828,43,83,4
405,1014,1113,1101,2,251,4
406,1018,1056,1223,12,64,6
407,1022,1094,1131,41,246,1
408,1024,1087,1583,10,44,5
409,1027,1106,1945,12,24,9
410,1028,1038,1424,39,429,4
411,1031,1109,1981,36,288,3
412,1032,1083,1431,34,227,2
413,1033,1094,1914,35,107,7
414,1037,1124,1761,24,299,6
415,1040,1108,1866,6,76,1
416,1044,1085,1309,19,208,4
417,1048,1049,1105,35,397,7
418,1050,1094,1301,23,380,2
419,1051,1076,1488,26,234,1
420,1054,1143,1498,45,199,7
421,1058,1078,1652,41,441,3
422,1060,1101,1948,3,277,9
423,1062,1072,1136,36,422,6
424,1064,1144,1319,28,425,5
425,1068,1147,1764,17,358,6
426,1069,1128,1227,18,328,5
427,1073,1125,1205,46,308,5
428,1074,1100,1712,11,111,8
429,1075,1100,1424,33,138,7
430,1076,1133,1997,39,210,2
431,1079,1081,1657,22,256,5
432,1080,1088,1481,27,91,9
433,1081,1133,1272,2,251,6
434,1085,1130,1703,27,417,5
435,1086,1129,1419,32,49,1
436,1090,1132,1460,18,251,1
437,1092,1133,1726,18,265,9
438,1095,1160,1511,2,28,6
439,1096,1101,1817,9,141,8
440,1098,1163,1265,12,474,8
441,1100,1136,1930,24,473,4
442,1103,1192,1865,45,118,9
443,1105,1187,1298,29,259,7
444,1106,1172,2069,2,360,6
445,1109,1121,1395,36,94,6
446,1113,1167,1419,46,110,4
447,1115,1123,1328,13,68,3
448,1119,1188,1294,49,158,5
449,1120,1181,1416,46,191,9
450,1124,1136,1599,47,439,3
451,1128,1203,1250,38,312,2
452,1132,1137,1768,39,71,2
453,1134,1222,1838,18,470,5
454,1138,1237,1543,5,46,1
455,1140,1227,1193,9,133,9
456,1142,1171,1603,29,76,4
457,1144,1243,1815,11,243,7
458,1148,1174,1957,20,422,2
459,1149,1150,1597,31,287,2
460,1152,1235,1947,23,154,5
461,1154,1246,2050,34,347,9
462,1157,1167,1365,15,233,2
463,1158,1227,1268,46,129,3
464,1162,1249,1441,23,317,1
465,1165,1248,1326,31,342,6
466,1168,1169,1909,19,269,2
467,1171,1188,1287,11,188,9
468,1174,1236,1249,23,468,4
469,1175,1209,1292,1,101,8
470,1179,1227,1244,16,387,9
471,1183,1202,1319,20,433,9
472,1187,1285,1656,21,197,1
473,1190,1227,1296,27,476,7
474,1192,1229,1506,44,97,8
475,1194,1292,2034,17,120,9
476,1198,1213,1300,43,365,4
477,1199,1247,1445,40,462,3
478,1200,1252,1581,1,496,3
479,1201,1246,1846,5,476,4
480,1205,1237,1702,25,59,6
481,1207,1303,1627,42,79,3
482,1209,1273,1763,28,194,7
483,1213,1277,1703,44,483,1
484,1215,1229,1554,10,18,5
485,1219,1226,2201,14,475,8
486,1222,1237,1577,10,464,8
487,1225,1324,1594,40,320,4
488,1226,1239,1370,32,109,3
489,1228,1314,2197,31,139,3
490,1229,1268,1388,31,427,2
491,1232,1302,1652,26,436,6
492,1235,1287,1839,37,447,8
493,1238,1284,1858,7,333,1
494,1242,1294,2165,18,337,5
495,1246,1339,1405,30,424,2
496,1250,1329,2135,47,70,7
497,1254,1294,2252,35,272,1
498,1255,1300,1731,26,88,3
499,1257,1277,2164,46,103,1
500,1260,1273,1338,3,7,2
501,1264,1341,1487,26,26,8
502,1267,1293,1553,3,496,8
503,1270,1286,2251,26,281,8
504,1271,1365,2183,13,10,4
505,1273,1334,1530,12,19,1
506,1277,1310,2099,14,16,5
507,1278,1369,2136,44,21,2
508,1280,1358,1382,6,218,7
509,1281,1331,2217,39,210,1
510,1282,1337,1445,31,41,4
511,1284,1371,1496,46,147,1
512,1287,1353,1534,44,56,6
513,1288,1291,1848,44,395,2
514,1291,1307,1939,2,270,4
515,1294,1328,2061,37,130,9
516,1296,1391,1312,31,392,6
517,1297,1321,2245,29,394,7
518,1299,1350,2002,20,491,9
519,1300,1398,1575,14,237,1
520,1302,1393,1970,7,239,3
521,1303,1331,1596,19,148,5
522,1306,1348,1871,15,390,8
523,1307,1402,1909,6,371,1
524,1311,1334,1956,16,143,8
525,1313,1341,1827,19,471,1
526,1316,1367,2272,36,336,3
527,1320,1386,2194,34,445,9
528,1321,1382,1666,18,161,9
529,1323,1411,2281,48,148,6
530,1326,1424,1872,39,63,2
531,1330,1372,1915,45,110,5
532,1333,1401,2236,20,339,5
533,1336,1360,2319,11,284,7
534,1340,1342,1638,2,181,4
535,1344,1432,1878,28,350,8
536,1348,1407,1944,11,171,4
537,1350,1435,1706,11,307,4
538,1351,1383,1740,6,181,5
539,1353,1448,2123,26,441,3
540,1354,1445,1434,41,345,9
541,1357,1441,2200,28,193,6
542,1361,1392,2235,1,311,2
543,1363,1407,1792,35,497,9
544,1365,1389,1893,4,358,4
545,1368,1384,2235,14,444,1
546,1371,1417,1940,25,294,4
547,1375,1409,1856,10,238,5
548,1379,1456,1923,43,82,8
549,1381,1461,2351,4,210,5
550,1385,1406,2326,1,493,5
551,1386,1481,2062,22,90,7
552,1387,1468,1463,23,180,6
553,1388,1427,1583,1,444,1
554,1392,1406,2048,22,75,6
555,1396,1407,2328,16,495,2
556,1397,1433,1415,9,427,2
557,1399,1409,1811,3,195,2
558,1403,1465,2226,3,469,2
559,1404,1458,1699,35,89,9
560,1408,1410,1758,42,113,9
561,1411,1431,1989,9,21,1
562,1413,1421,2284,33,62,7
563,1417,1443,1928,16,60,3
564,1419,1495,1509,14,453,1
565,1421,1432,1447,5,75,6
566,1422,1511,1645,22,258,3
567,1423,1457,1429,44,133,7
568,1425,1481,1948,30,435,5
569,1426,1463,1736,7,328,5
570,1429,1448,2016,20,424,4
571,1433,1456,1599,1,433,3
572,1436,1520,1907,37,200,6
573,1438,1440,1773,31,463,3
574,1439,1526,1664,42,144,1
575,1443,1496,2364,39,36,5
576,1446,1522,2364,11,398,1
577,1450,1464,2389,37,227,3
578,1452,1540,2315,29,131,5
579,1456,1548,2072,10,174,6
580,1460,1495,1864,21,331,6
581,1463,1542,1866,44,161,4
582,1465,1505,1772,49,440,9
583,1466,1484,2355,4,68,3
584,1469,1475,2042,10,101,1
585,1471,1557,2266,10,183,5
586,1472,1510,2112,31,287,1
587,1473,1546,2444,33,64,8
588,1474,1505,1801,23,265,6
589,1476,1519,1641,26,378,8
590,1477,1550,1574,43,222,9
591,1478,1512,1755,44,317,9
592,1482,1577,1483,23,490,8
593,1483,1571,2104,1,441,8
594,1486,1542,2166,16,450,8
595,1489,1562,2166,30,336,9
596,1492,1530,1568,41,438,8
597,1496,1575,1520,14,448,6
598,1499,1520,1509,11,317,8
599,1500,1566,1558,20,351,9
600,1503,1587,2344,42,490,9
601,1506,1601,2118,48,242,3
602,1509,1604,1964,41,254,8
603,1510,1557,1841,48,424,9
604,1513,1516,1738,13,215,6
605,1514,1586,2500,32,122,3
606,1516,1521,2446,9,194,3
607,1517,1574,2460,31,212,3
608,1519,1618,1945,29,87,4
609,1523,1539,2152,32,304,8
610,1525,1527,2397,19,163,2
611,1526,1544,1695,33,256,7
612,1529,1547,2233,1,178,4
613,1530,1576,1656,41,405,9
614,1534,1627,2321,17,185,1
615,1538,1558,2384,34,496,4
616,1539,1627,2452,19,262,2
617,1541,1548,1908,25,310,2
618,1544,1626,1560,23,272,6
619,1545,1598,2322,42,361,3
620,1548,1634,1815,38,498,9
621,1552,1579,2104,16,229,4
622,1553,1572,1928,24,462,1
623,1555,1637,1963,49,378,5
624,1557,1587,2321,5,307,6
625,1558,1603,2074,1,447,5
626,1559,1646,1736,10,317,4
627,1560,1582,2512,15,328,7
628,1561,1611,1695,38,71,6
629,1565,1601,2149,3,125,8
630,1568,1644,2174,12,233,7
631,1569,1590,1600,15,453,7
632,1571,1664,1642,36,496,1
633,1574,1633,2101,8,109,7
634,1576,1667,1956,25,338,6
635,1577,1581,2142,2,94,7
636,1578,1637,1712,38,271,8
637,1582,1602,1590,15,483,5
638,1584,1591,1708,30,3,6
639,1587,1685,1920,18,244,6
640,1589,1627,1602,43,399,7
641,1592,1642,1731,33,124,4
642,1594,1687,2397,29,391,5
643,1598,1649,1602,8,458,3
644,1599,1662,2083,28,118,9
645,1601,1669,2363,48,71,8
646,1602,1632,1641,41,255,2
647,1604,1671,2207,8,343,4
648,1607,1684,2158,3,489,1
649,1610,1637,1820,14,300,7
650,1612,1640,2527,32,318,6
651,1615,1714,2101,48,208,3
652,1616,1628,2461,30,197,5
653,1617,1627,2091,20,391,7
654,1618,1638,1870,28,340,3
655,1621,1623,2588,47,198,7
656,1623,1685,1804,28,378,2
657,1627,1706,1632,43,62,6
658,1630,1669,2626,30,446,4
659,1633,1682,2388,12,163,2
660,1634,1708,2201,32,34,1
661,1638,1737,2607,35,329,3
662,1642,1649,2123,13,46,4
663,1644,1651,2630,48,44,9
664,1647,1699,1970,2,128,3
665,1651,1698,2222,40,328,7
666,1652,1668,2351,28,214,8
667,1656,1681,1979,36,268,5
668,1658,1686,2052,14,135,6
669,1661,1662,2264,20,334,5
670,1664,1748,2531,33,223,2
671,1667,1745,2045,46,451,2
672,1670,1696,1875,15,290,6
673,1673,1683,2625,26,94,9
674,1674,1746,2333,24,39,8
675,1675,1702,1959,33,429,2
676,1678,1703,1957,24,241,3
677,1680,1711,2133,2,317,7
678,1683,1736,1730,40,396,5
679,1685,1749,2206,17,362,9
680,1689,1755,2184,7,148,3
681,1690,1709,2326,47,453,2
682,1694,1758,2391,30,143,9
683,1696,1790,1981,35,333,7
684,1699,1739,2119,48,251,4
685,1701,1799,1863,48,92,5
686,1704,1732,2346,30,484,6
687,1707,1711,2321,41,177,5
688,1708,1711,2345,26,114,3
689,1712,1798,2514,9,266,9
690,1716,1768,2356,22,266,3
691,1720,1741,2510,31,90,2
692,1722,1796,2184,42,232,8
693,1724,1769,2518,31,249,9
694,1725,1760,1820,45,55,2
695,1727,1788,2711,3,316,2
696,1728,1751,1854,36,42,1
697,1729,1812,2343,14,77,1
698,1730,1809,2592,13,45,9
699,1734,1822,2131,3,259,7
700,1737,1836,2135,35,321,1
701,1740,1822,2227,49,392,8
702,1741,1835,2360,23,109,4
703,1743,1835,2613,30,430,2
704,1745,1840,2106,49,306,1
705,1746,1781,2330,28,366,1
706,1747,1832,1938,34,475,1
707,1751,1768,2651,4,266,4
708,1753,1795,2592,36,475,9
709,1755,1763,2726,41,413,6
710,1759,1847,2340,18,485,9
711,1761,1802,2542,28,320,6
712,1762,1827,2206,35,69,9
713,1763,1826,1888,37,435,3
714,1767,1827,2146,23,7,1
715,1771,1823,2141,46,376,1
716,1772,1799,2396,18,274,8
717,1776,1836,1913,38,403,4
718,1780,1866,1823,24,240,2
719,1783,1850,1804,24,353,9
720,1784,1864,2062,32,375,5
721,1786,1788,2486,14,317,2
722,1789,1886,2339,14,447,3
723,1790,1799,2333,20,338,1
724,1791,1802,1824,10,347,3
725,1795,1809,2230,17,106,7
726,1799,1890,2757,1,4,7
727,1800,1856,2718,31,336,3
728,1803,1804,2694,45,357,4
729,1807,1865,2013,34,95,9
730,1811,1847,2786,30,344,1
731,1813,1897,1937,31,332,7
732,1816,1892,1941,18,141,6
733,1818,1830,2544,3,33,8
734,1821,1900,2208,3,51,4
735,1822,1917,2606,7,31,1
736,1824,1910,2676,31,127,4
737,1827,1841,2375,33,102,1
738,1829,1861,2585,49,219,9
739,1831,1872,2790,8,455,4
740,1833,1884,2237,18,120,9
741,1834,1891,2650,9,11,6
742,1838,1920,2197,5,173,4
743,1841,1880,2431,20,425,4
744,1843,1901,2044,25,183,9
745,1846,1908,2460,16,210,1
746,1849,1918,1856,44,341,8
747,1852,1885,2506,22,200,8
748,1855,1879,2620,23,207,5
749,1857,1950,2787,1,66,1
750,1860,1926,2345,35,37,3
751,1863,1929,2465,16,110,7
752,1867,1886,2803,34,55,2
753,1870,1880,1900,30,58,5
754,1871,1880,2066,26,263,5
755,1875,1944,1911,40,283,2
756,1877,1919,2760,37,73,4
757,1880,1925,2366,19,80,4
758,1883,1885,2013,20,482,7
759,1886,1974,1992,33,390,1
760,1889,1896,2872,31,26,7
761,1890,1951,2698,11,28,8
762,1892,1960,2825,46,437,8
763,1894,1911,2247,45,84,1
764,1898,1978,2570,43,464,1
765,1901,1961,2442,32,240,1
766,1904,1945,2869,32,334,9
767,1906,1919,2327,30,136,4
768,1909,1914,1928,30,115,2
769,1910,1966,2059,42,306,7
770,1913,2012,2691,3,346,2
771,1914,1920,2661,29,314,5
772,1917,1985,2601,18,468,4
773,1919,1958,2437,43,35,3
774,1922,1973,2492,31,348,6
775,1923,1980,2665,17,244,8
776,1924,1980,2864,17,264,8
777,1926,2015,2304,47,341,6
778,1930,2014,2554,40,488,8
779,1934,2012,2295,3,466,1
780,1937,2008,2427,25,44,8
781,1941,2020,2355,6,75,8
782,1942,1981,2897,35,477,1
783,1944,2012,2718,34,467,8
784,1948,1963,2152,35,176,8
785,1950,1995,2692,18,371,1
786,1954,1957,2513,37,192,5
787,1955,2045,2741,6,191,8
788,1957,1964,2878,22,471,8
789,1960,2012,2547,13,461,1
790,1961,2001,2876,47,461,1
791,1962,2023,2632,25,97,3
792,1965,2037,2870,30,381,9
793,1968,1977,2675,10,417,7
794,1971,1974,2370,49,27,6
795,1972,1993,2668,5,331,6
796,1975,2000,2247,38,76,8
797,1978,2075,1991,20,425,8
798,1979,2037,2169,26,444,5
799,1980,2014,2697,32,176,3
800,1982,2029,2517,34,149,2
801,1985,2067,2638,34,369,5
802,1989,2086,2267,27,338,8
803,1992,2075,2494,9,437,7
804,1995,2030,2074,33,104,9
805,1998,2091,2085,23,420,8
806,2001,2014,2567,8,312,3
807,2005,2104,2361,22,469,2
808,2007,2011,2049,38,486,1
809,2010,2079,2032,46,360,9
810,2012,2111,2226,40,25,5
811,2015,2105,2794,16,201,5
812,2016,2102,2605,16,484,9
813,2019,2093,2407,14,268,8
814,2023,2111,2386,5,342,6
815,2026,2052,2811,30,479,1
816,2029,2123,2870,30,246,1
817,2031,2068,2614,37,356,8
818,2034,2127,2739,39,90,9
819,2038,2130,2098,3,322,9
820,2042,2103,3022,47,266,1
821,2044,2143,2238,46,473,1
822,2045,2108,2807,18,359,9
823,2048,2069,2149,33,422,1
824,2050,2097,2358,16,199,9
825,2051,2109,2681,8,101,7
826,2052,2074,2655,41,187,9
827,2053,2056,2449,20,140,6
828,2057,2093,2308,34,366,7
829,2059,2138,2832,8,72,2
830,2061,2084,2134,4,201,6
831,2064,2110,2902,12,455,2
832,2065,2117,2774,20,431,7
833,2066,2134,2880,12,469,1
834,2070,2160,2439,11,130,3
835,2071,2095,2208,48,146,3
836,2075,2120,2590,45,441,2
837,2079,2154,2550,25,392,2
838,2081,2121,2647,7,435,4
839,2082,2118,2939,44,469,2
840,2084,2182,2704,10,83,3
841,2088,2121,2382,12,346,6
842,2089,2187,2160,33,171,9
843,2092,2105,2849,22,354,1
844,2096,2132,2555,24,126,4
845,2099,2160,3080,31,120,2
846,2101,2118,2831,25,222,3
847,2103,2160,2744,33,10,9
848,2105,2111,2934,42,361,3
849,2107,2165,2196,27,433,7
850,2110,2115,2551,34,149,8
851,2112,2132,2862,29,33,9
852,2113,2182,2607,7,412,8
853,2115,2171,2706,39,301,4
854,2116,2131,2206,2,301,5
855,2119,2185,2256,41,288,4
856,2121,2156,2459,46,62,4
857,2124,2141,3032,3,465,8
858,2127,2204,2468,38,372,2
859,2129,2174,2723,45,142,1
860,2132,2151,2714,2,143,5
861,2134,2137,2968,13,283,4
862,2138,2205,2234,24,491,7
863,2140,2239,3113,32,56,9
864,2144,2187,2630,31,483,1
865,2145,2177,2331,27,23,6
866,2146,2221,2247,31,491,1
867,2149,2192,2548,44,22,3
868,2153,2160,2353,34,472,5
869,2156,2203,2993,1,94,8
870,2160,2191,2811,42,394,5
871,2162,2185,2491,12,112,6
872,2164,2167,3135,9,67,1
873,2167,2179,2762,43,108,1
874,2169,2187,2865,15,297,3
875,2171,2174,3030,22,59,7
876,2173,2182,2382,29,463,5
877,2177,2237,3071,40,419,4
878,2179,2218,2208,24,9,2
879,2183,2262,3139,33,423,5
880,2187,2245,2327,32,334,5
881,2188,2245,2274,36,113,6
882,2192,2196,2501,45,75,4
883,2193,2215,2307,42,143,3
884,2194,2219,2700,13,112,7
885,2198,2228,2423,30,271,6
886,2202,2229,2377,18,146,7
887,2205,2263,2906,3,157,2
888,2206,2257,2415,34,400,1
889,2207,2232,2766,27,493,3
890,2211,2228,3171,16,422,4
891,2214,2257,2464,33,305,8
892,2215,2281,2917,23,466,5
893,2219,2301,3157,11,205,8
894,2220,2319,2414,16,489,6
895,2224,2277,2297,23,356,8
896,2226,2316,3106,16,345,9
897,2230,2259,3053,37,75,5
898,2234,2286,2733,23,380,5
899,2235,2274,2383,14,369,9
900,2238,2299,2928,18,434,2
901,2241,2323,2528,13,397,1
902,2243,2265,2931,7,56,7
903,2247,2271,3160,44,488,4
904,2248,2250,2793,49,292,4
905,2252,2299,3098,12,466,4
906,2254,2301,2279,6,302,6
907,2255,2284,3183,48,404,3
908,2256,2272,2780,42,370,3
909,2259,2328,3085,5,357,4
910,2262,2333,2763,47,357,8
911,2264,2267,3040,43,114,6
912,2268,2311,3037,37,364,7
913,2269,2296,3109,1,141,5
914,2271,2320,2942,1,339,4
915,2273,2371,2322,49,489,4
916,2277,2358,2423,18,222,5
917,2278,2364,2904,18,189,5
918,2282,2341,3142,22,488,2
919,2285,2310,2396,29,81,2
920,2287,2318,2782,29,207,6
921,2288,2362,2867,49,91,2
922,2290,2327,2363,35,342,7
923,2294,2297,3225,28,144,1
924,2296,2394,2937,24,195,3
925,2297,2382,2924,27,152,2
926,2300,2351,2800,1,232,4
927,2302,2349,2757,41,153,6
928,2305,2350,2344,25,88,2
929,2309,2385,2938,30,490,5
930,2311,2376,2996,26,105,1
931,2312,2338,2940,9,123,8
932,2316,2323,2945,34,482,6
933,2320,2321,3189,19,467,7
934,2323,2388,2736,30,430,9
935,2324,2341,2874,11,323,8
936,2326,2338,2554,37,359,1
937,2327,2329,2967,14,165,4
938,2328,2366,2998,45,352,1
939,2329,2410,2923,21,151,4
940,2331,2401,2416,27,157,1
941,2332,2354,3291,42,461,8
942,2336,2341,2636,22,96,4
943,2339,2346,2833,44,169,4
944,2342,2438,3126,3,318,5
945,2346,2373,3131,48,428,6
946,2348,2365,2641,27,244,2
947,2351,2400,2409,21,481,6
948,2353,2403,2458,36,368,2
949,2354,2357,3111,22,99,8
950,2358,2406,3259,43,106,8
951,2362,2372,3210,13,383,1
952,2366,2426,2650,23,306,9
953,2368,2462,2493,44,176,2
954,2371,2463,3302,46,234,1
955,2373,2465,2868,26,216,5
956,2374,2436,3362,5,80,4
957,2378,2443,2889,25,274,6
958,2381,2383,3107,2,411,3
959,2384,2480,2668,25,160,1
960,2386,2471,2560,30,368,5
961,2388,2431,2527,13,15,4
962,2389,2444,2760,26,21,1
963,2390,2434,2565,22,241,1
964,2394,2492,3084,49,94,8
965,2398,2481,3160,44,464,6
966,2399,2480,2524,20,455,7
967,2400,2485,3320,7,47,1
968,2402,2404,2857,37,59,3
969,2405,2420,2931,48,56,6
970,2407,2417,2718,15,340,6
971,2411,2495,3390,39,411,3
972,2414,2457,2611,8,333,8
973,2416,2473,2662,4,230,9
974,2417,2430,3019,16,4,5
975,2421,2480,3125,26,184,2
976,2422,2499,3378,10,157,3
977,2425,2495,3336,13,474,8
978,2429,2470,2870,46,144,1
979,2430,2501,2498,42,464,7
980,2431,2513,2723,24,430,3
981,2433,2474,2641,48,81,8
982,2435,2459,2837,45,413,6
983,2437,2478,2759,10,493,3
984,2441,2540,3291,40,372,2
985,2442,2507,2928,37,100,4
986,2446,2533,3225,2,380,7
987,2450,2488,3434,40,96,7
988,2453,2496,3003,38,361,6
989,2455,2473,2491,6,195,2
990,2457,2474,2554,34,252,8
991,2459,2487,3063,11,332,8
992,2462,2557,2507,7,423,8
993,2466,2500,2911,8,358,2
994,2470,2496,3404,27,246,3
995,2474,2477,3291,10,444,1
996,2475,2565,2872,36,8,4
997,2479,2538,3088,44,293,6
998,2482,2567,3173,42,27,8
999,2483,2502,2910,40,373,4
1000,2484,2560,3039,35,179,7
1001,2486,2496,3391,25,221,4
1002,2488,2526,2599,39,138,7
1003,2491,2562,3241,6,294,1
1004,2495,2548,2624,47,89,4
1005,2496,2521,3142,24,458,9
1006,2499,2517,2564,22,3,7
1007,2503,2586,2989,18,58,8
1008,2507,2564,2652,4,231,3
1009,2508,2606,3503,22,305,4
1010,2511,2560,3077,29,34,9
1011,2512,2544,3169,39,55,1
1012,2513,2608,3319,20,462,7
1013,2516,2586,2954,9,368,3
1014,2520,2554,3180,40,342,9
1015,2524,2620,3146,19,437,2
1016,2525,2573,2576,30,233,6
1017,2526,2622,2683,47,158,7
1018,2528,2577,2734,40,89,8
1019,2530,2545,2591,16,212,4
1020,2534,2617,2766,17,291,2
1021,2538,2583,2775,35,311,6
1022,2539,2594,3308,38,45,2
1023,2541,2596,2682,44,317,9
1024,2545,2634,3033,8,192,4
1025,2548,2600,2869,47,4,5
1026,2552,2605,3355,6,423,2
1027,2556,2644,2814,35,388,3
1028,2558,2635,3213,31,359,5
1029,2559,2632,3383,22,269,9
1030,2563,2583,3318,27,414,7
1031,2566,2633,3512,46,311,7
1032,2567,2579,3027,27,40,5
1033,2570,2623,2593,47,53,2
1034,2574,2623,3317,9,474,3
1035,2577,2610,2961,28,210,7
1036,2579,2604,2920,29,181,5
1037,2582,2676,2655,43,40,7
1038,2585,2655,3097,31,496,3
1039,2587,2662,2890,33,281,1
1040,2591,2640,2736,41,203,7
1041,2595,2608,2659,16,477,8
1042,2599,2611,2856,9,165,7
1043,2602,2618,2700,8,444,5
1044,2603,2672,3107,24,433,8
1045,2604,2691,3153,23,497,9
1046,2607,2704,3212,25,305,8
1047,2608,2642,3472,38,1,6
1048,2610,2645,3368,18,109,5
1049,2614,2700,3026,4,215,8
1050,2618,2671,3088,19,30,9
1051,2621,2711,2838,49,225,7
1052,2624,2666,2986,19,212,3
1053,2625,2708,3075,39,7,3
1054,2629,2688,2922,2,164,9
1055,2630,2697,3383,40,40,1
1056,2633,2694,2991,12,111,2
1057,2636,2733,3540,36,143,9
1058,2639,2697,3602,8,235,5
1059,2641,2658,2973,45,197,4
1060,2645,2736,3307,32,395,1
1061,2647,2656,2854,47,299,8
1062,2648,2650,2715,28,10,7
1063,2649,2739,3114,25,200,2
1064,2650,2743,3496,6,362,2
1065,2651,2673,3149,26,100,6
1066,2652,2703,2936,17,32,3
1067,2654,2655,3607,39,338,2
1068,2655,2661,2798,16,187,1
1069,2656,2689,3416,35,229,5
1070,2660,2719,2897,45,411,6
1071,2662,2724,3284,24,392,8
1072,2666,2680,3507,1,283,7
1073,2669,2754,3513,23,391,5
1074,2670,2719,3047,2,13,4
1075,2672,2679,2862,46,97,4
1076,2675,2701,3112,46,21,1
1077,2676,2740,2834,29,477,6
1078,2680,2716,2780,18,338,5
1079,2683,2690,2884,12,427,1
1080,2687,2712,3173,49,250,4
1081,2689,2707,3364,24,453,2
1082,2690,2729,2739,32,52,1
1083,2694,2710,3632,42,22,1
1084,2695,2709,2840,40,24,7
1085,2697,2766,3652,2,272,3
1086,2701,2756,2807,30,288,7
1087,2703,2713,3348,10,51,8
1088,2706,2790,3049,18,236,7
1089,2708,2801,3435,40,329,8
1090,2709,2721,3520,15,115,5
1091,2711,2717,3035,6,360,2
1092,2713,2749,3551,11,54,4
1093,2714,2735,3526,28,79,1
1094,2715,2779,3620,44,95,4
1095,2719,2752,2790,17,300,8
1096,2720,2781,3457,8,9,6
1097,2721,2729,3336,47,258,6
1098,2722,2813,3237,24,285,2
1099,2724,2809,3246,43,276,5
1100,2726,2751,2752,19,491,7
1101,2730,2779,3138,35,138,7
1102,2734,2805,2812,47,488,4
1103,2736,2829,3137,13,462,8
1104,2738,2766,2828,39,108,8
1105,2742,2825,3029,38,417,6
1106,2743,2777,3678,41,277,8
1107,2744,2832,3009,29,249,1
1108,2746,2769,3458,38,311,7
1109,2748,2768,3154,48,103,6
1110,2752,2809,3142,6,172,9
1111,2753,2822,3099,34,167,4
1112,2755,2852,3654,41,247,7
1113,2758,2853,3636,44,34,1
1114,2761,2840,3758,22,160,1
1115,2763,2812,3082,6,289,7
1116,2767,2831,3172,24,43,9
1117,2770,2797,2774,27,236,6
1118,2774,2790,3588,38,220,2
1119,2777,2857,3443,14,483,5
1120,2779,2840,2889,7,409,6
1121,2780,2812,3697,33,144,4
1122,2781,2798,3664,42,250,1
1123,2783,2859,2921,3,361,9
1124,2784,2858,2837,22,35,6
1125,2788,2879,2873,35,235,3
1126,2789,2817,2840,47,104,1
1127,2790,2867,3053,27,299,9
1128,2792,2839,3578,16,370,7
1129,2795,2834,3272,45,142,4
1130,2798,2808,3023,1,405,4
1131,2801,2870,3510,36,475,3
1132,2804,2815,2819,7,117,8
1133,2807,2850,3092,37,275,2
1134,2811,2826,3182,45,405,5
1135,2814,2823,3591,49,271,6
1136,2818,2912,2929,49,181,3
1137,2820,2846,2832,22,147,2
1138,2824,2859,3227,49,5,1
1139,2826,2908,3612,40,341,6
1140,2827,2897,2935,29,493,7
1141,2830,2843,3442,11,28,6
1142,2831,2851,2947,40,351,2
1143,2833,2922,2920,19,302,4
1144,2836,2843,3748,12,240,9
1145,2839,2849,3176,36,141,4
1146,2840,2850,3158,27,256,1
1147,2841,2854,3230,1,335,6
1148,2843,2912,3594,35,401,8
1149,2847,2918,3539,32,490,5
1150,2851,2856,3421,10,252,7
1151,2855,2939,3628,48,15,1
1152,2859,2951,3171,49,375,7
1153,2861,2960,3632,28,238,2
1154,2862,2948,3340,1,293,7
1155,2863,2947,3697,41,160,2
1156,2867,2962,2948,31,449,8
1157,2868,2869,3517,13,175,6
1158,2869,2882,3426,30,2,7
1159,2872,2914,3194,3,320,3
1160,2873,2941,3600,46,290,8
1161,2877,2965,3852,40,486,2
1162,2881,2908,3587,29,3,4
1163,2883,2979,3511,8,157,9
1164,2885,2914,3221,14,429,2
1165,2887,2984,3769,25,357,2
1166,2890,2948,2953,25,5,4
1167,2892,2920,3200,14,323,2
1168,2894,2916,3330,30,191,7
1169,2897,2923,3559,28,497,1
1170,2899,2913,3684,14,417,5
1171,2902,2914,3805,16,499,2
1172,2906,2985,3687,18,472,9
1173,2908,2992,3026,1,91,8
1174,2909,2977,3405,33,277,2
1175,2910,2934,3767,14,410,6
1176,2913,2984,3228,43,130,3
1177,2915,2918,3453,23,349,1
1178,2918,2934,3131,23,158,8
1179,2922,2953,3630,11,146,8
1180,2925,2956,3263,26,381,9
1181,2928,2985,3680,3,162,1
1182,2932,3000,3926,23,148,6
1183,2936,2957,3220,25,357,5
1184,2938,3006,3187,15,180,4
1185,2939,3003,3181,40,146,8
1186,2940,2947,3921,19,161,6
1187,2943,2999,3433,46,109,3
1188,2946,2986,3313,24,256,9
1189,2950,3019,3332,13,42,2
1190,2953,3050,3714,26,13,2
1191,2956,2987,3650,28,4,3
1192,2958,3011,3265,12,179,1
1193,2962,2999,3857,6,151,9
1194,2965,3001,3108,48,442,4
1195,2968,3012,3148,40,304,6
1196,2969,3012,3767,20,416,9
1197,2973,2986,3225,2,125,4
1198,2974,2996,3054,22,188,3
1199,2975,3049,3620,9,382,2
1200,2976,3049,3369,14,80,7
1201,2980,3039,3230,21,494,4
1202,2984,3063,3273,38,198,4
1203,2986,3082,3974,8,223,1
1204,2987,3071,3678,17,436,9
1205,2991,3055,3714,28,408,3
1206,2992,3036,3053,2,412,9
1207,2994,3002,3712,8,4,6
1208,2998,3010,3464,25,122,8
1209,3001,3070,3143,32,224,1
1210,3004,3022,3207,49,461,8
1211,3005,3088,3835,11,80,2
1212,3008,3106,3519,38,172,9
1213,3009,3099,3560,11,259,4
1214,3012,3074,3480,2,225,4
1215,3013,3085,3928,32,75,9
1216,3015,3082,3287,26,153,9
1217,3017,3114,3337,27,283,2
1218,3018,3062,3346,28,18,8
1219,3019,3087,3399,29,153,5
1220,3021,3070,3121,29,344,6
1221,3023,3043,3089,34,29,2
1222,3025,3051,3364,39,43,1
1223,3026,3094,3135,1,127,2
1224,3029,3124,3323,25,68,4
1225,3032,3060,3864,19,355,5
1226,3034,3060,3753,1,69,9
1227,3036,3133,3536,47,477,8
1228,3038,3104,3333,27,87,6
1229,3042,3075,3280,38,498,3
1230,3046,3073,3761,11,323,6
1231,3049,3081,3631,1,419,1
1232,3051,3101,3137,29,191,5
1233,3052,3137,3538,6,231,1
1234,3054,3096,3543,36,431,4
1235,3055,3098,3797,37,267,8
1236,3057,3133,3569,32,462,7
1237,3061,3077,3189,29,340,2
1238,3065,3163,4047,5,482,3
1239,3067,3077,4037,35,401,5
1240,3069,3124,3604,41,333,2
1241,3071,3135,3198,4,59,3
1242,3072,3134,3310,19,171,8
1243,3075,3119,3081,19,411,4
1244,3076,3094,4020,35,409,8
1245,3078,3107,3731,20,249,1
1246,3082,3156,3962,47,205,6
1247,3084,3112,3113,35,446,3
1248,3087,3176,3702,7,450,8
1249,3088,3111,3469,18,296,9
1250,3092,3160,4059,39,351,7
1251,3093,3119,3770,15,356,7
1252,3096,3179,3586,24,381,2
1253,3097,3179,3296,24,167,1
1254,3101,3137,3742,4,475,7
1255,3102,3103,3979,10,278,3
1256,3103,3105,3980,7,242,2
1257,3106,3163,3644,32,454,1
1258,3107,3139,3858,10,143,7
1259,3108,3161,4056,29,421,7
1260,3112,3183,3376,27,404,8
1261,3116,3176,3239,27,354,8
1262,3119,3173,3886,22,91,1
1263,3122,3206,3699,44,398,6
1264,3124,3189,3530,38,190,5
1265,3127,3173,3677,2,426,5
1266,3128,3136,3362,18,119,8
1267,3131,3203,3937,15,431,6
1268,3134,3205,3728,2,169,8
1269,3137,3191,3649,14,239,4
1270,3138,3142,3810,6,42,1
1271,3141,3165,3674,49,360,5
1272,3143,3223,3557,49,356,5
1273,3144,3172,3894,32,205,4
1274,3145,3210,3685,22,281,1
1275,3147,3215,4015,8,110,3
1276,3151,3231,3339,34,68,3
1277,3154,3164,3336,30,28,3
1278,3156,3247,3323,1,447,7
1279,3160,3172,3385,27,58,2
1280,3164,3202,3705,32,391,4
1281,3166,3189,3404,10,480,6
1282,3169,3258,4050,14,75,4
1283,3171,3174,3978,19,210,5
1284,3174,3266,3976,45,178,5
1285,3178,3223,4106,32,165,3
1286,3180,3223,3344,27,377,8
1287,3184,3248,3954,18,331,8
1288,3188,3204,4087,42,75,6
1289,3192,3243,3891,10,423,1
1290,3193,3235,3378,41,301,2
1291,3196,3273,3491,8,111,3
1292,3199,3229,3298,37,494,9
1293,3202,3242,3598,41,424,3
1294,3204,3221,3841,1,46,4
1295,3206,3301,3935,6,399,5
1296,3209,3271,3807,14,120,1
1297,3211,3300,3632,21,335,6
1298,3214,3237,3425,22,317,5
1299,3216,3265,3288,19,90,8
1300,3218,3277,3433,46,492,3
1301,3222,3279,3235,22,176,4
1302,3226,3234,4017,3,480,2
1303,3229,3260,4053,11,275,9
1304,3231,3262,3577,2,108,9
1305,3232,3312,4121,38,281,5
1306,3236,3317,3542,32,130,4
1307,3238,3305,3606,24,94,1
1308,3242,3340,3734,49,258,4
1309,3243,3244,3438,20,300,7
1310,3244,3270,4114,5,186,8
1311,3245,3281,4088,33,475,7
1312,3248,3277,3928,42,194,5
1313,3251,3267,4116,48,450,6
1314,3253,3324,4168,18,225,9
1315,3257,3288,3658,32,338,1
1316,3258,3261,3437,46,37,6
1317,3261,3289,3713,20,153,5
1318,3265,3282,3316,48,295,6
1319,3269,3324,4097,29,351,8
1320,3272,3309,4147,21,57,3
1321,3276,3315,3471,27,180,4
1322,3278,3295,3785,20,219,6
1323,3281,3288,3620,14,423,4
1324,3284,3374,4055,40,421,1
1325,3287,3366,3509,26,433,4
1326,3290,3316,3685,34,400,8
1327,3294,3316,3649,30,39,1
1328,3296,3383,3512,12,313,1
1329,3298,3364,3939,16,13,8
1330,3300,3306,3341,25,328,9
1331,3303,3331,3503,41,212,3
1332,3304,3393,4223,31,107,6
1333,3305,3323,3384,30,164,1
1334,3308,3342,3865,42,283,2
1335,3310,3403,3837,10,338,4
1336,3312,3365,3882,21,258,8
1337,3315,3400,3601,22,205,9
1338,3316,3381,3370,20,187,9
1339,3319,3338,3422,7,328,5
1340,3321,3338,4081,1,41,6
1341,3325,3361,3457,36,480,3
1342,3329,3341,3613,42,392,8
1343,3331,3393,3480,15,109,9
1344,3335,3419,3729,18,460,1
1345,3339,3340,3404,17,217,3
1346,3342,3407,3846,42,150,2
1347,3346,3371,3754,29,21,1
1348,3349,3432,3554,8,364,6
1349,3350,3366,3785,23,344,7
1350,3351,3421,3778,7,353,6
1351,3355,3382,4099,11,492,6
1352,3359,3439,4310,3,429,9
1353,3363,3460,3651,9,237,9
1354,3365,3435,3692,1,160,8
1355,3369,3432,4028,6,371,8
1356,3370,3464,3616,45,183,8
1357,3372,3453,4154,23,401,6
1358,3376,3466,3511,44,118,2
1359,3380,3457,4334,39,202,2
1360,3381,3392,3529,21,84,5
1361,3382,3479,3469,6,248,9
1362,3385,3411,4276,37,464,3
1363,3389,3415,3778,41,314,5
1364,3391,3483,4287,40,18,7
1365,3393,3447,3701,36,219,4
1366,3394,3402,3578,21,449,3
1367,3398,3407,4266,15,148,1
1368,3402,3467,3837,4,78,2
1369,3404,3430,4000,37,293,1
1370,3407,3494,3942,24,302,5
1371,3408,3462,3975,16,392,9
1372,3412,3427,4255,39,393,6
1373,3413,3490,4327,11,266,7
1374,3416,3509,4226,35,100,6
1375,3419,3505,4116,44,179,7
1376,3420,3473,4183,32,203,4
1377,3424,3476,4049,46,127,4
1378,3425,3439,4175,3,55,3
1379,3426,3482,4262,37,112,2
1380,3427,3521,3919,11,218,3
1381,3428,3467,3643,35,330,2
1382,3430,3525,3664,39,241,7
1383,3434,3511,4196,31,435,8
1384,3436,3512,4239,23,490,4
1385,3438,3452,3752,16,450,5
1386,3442,3481,4261,39,122,4
1387,3445,3455,3721,41,422,5
1388,3447,3511,4033,41,274,9
1389,3451,3511,4097,9,180,9
1390,3454,3543,3670,36,428,5
1391,3458,3504,4070,27,127,5
1392,3462,3510,4251,1,305,4
1393,3464,3491,3672,24,374,2
1394,3465,3561,3716,25,316,6
1395,3469,3486,3921,30,383,7
1396,3470,3490,4296,3,48,1
1397,3472,3529,3621,30,278,2
1398,3473,3482,4376,7,466,7
1399,3477,3507,4369,28,140,1
1400,3480,3508,4160,14,12,7
1401,3481,3565,4195,27,156,6
1402,3484,3504,4284,15,396,6
1403,3487,3512,4117,43,68,7
1404,3488,3536,4314,42,474,4
1405,3489,3526,3605,31,379,7
1406,3491,3547,4284,47,188,3
1407,3494,3537,4130,3,230,1
1408,3496,3536,4284,42,373,8
1409,3500,3583,4034,46,470,4
1410,3502,3552,4466,16,283,2
1411,3505,3508,3813,9,12,9
1412,3507,3539,3556,18,151,9
1413,3510,3549,4475,47,288,3
1414,3512,3560,3618,44,107,6
1415,3515,3608,3825,38,181,5
1416,3518,3577,3842,19,436,9
1417,3522,3530,4267,44,334,3
1418,3524,3571,3747,49,358,2
1419,3525,3564,3841,30,107,9
1420,3527,3542,4039,31,166,5
1421,3529,3553,4019,4,88,5
1422,3530,3615,3786,9,355,1
1423,3534,3596,4157,13,98,2
1424,3537,3590,4535,1,21,8
1425,3538,3624,3796,33,386,7
1426,3539,3603,3569,20,172,4
1427,3540,3595,4226,29,165,2
1428,3543,3608,3777,49,429,4
1429,3545,3591,3922,24,247,9
1430,3549,3611,3858,30,97,9
1431,3552,3642,4290,22,322,2
1432,3555,3629,3792,30,410,2
1433,3559,3586,4062,17,65,7
1434,3563,3603,4254,31,425,9
1435,3565,3572,3684,12,425,4
1436,3567,3597,4419,23,292,9
1437,3568,3655,3900,45,82,3
1438,3572,3575,4062,28,433,4
1439,3575,3663,3845,36,177,9
1440,3578,3633,4283,10,21,2
1441,3582,3664,4184,41,386,1
1442,3583,3599,3754,20,326,4
1443,3584,3675,3882,9,485,2
1444,3587,3635,3673,37,45,1
1445,3589,3624,4397,4,407,6
1446,3590,3632,4389,24,431,3
1447,3593,3621,4573,7,13,8
1448,3594,3688,3787,39,318,7
1449,3596,3681,4283,37,444,7
1450,3597,3634,4371,41,242,8
1451,3601,3647,3991,37,421,3
1452,3605,3656,3725,15,115,1
1453,3606,3627,3672,32,320,2
1454,3610,3612,4018,4,45,6
1455,3611,3664,3646,48,42,9
1456,3613,3707,4542,28,484,8
1457,3616,3676,4340,46,345,1
1458,3620,3681,4170,22,337,4
1459,3623,3696,3780,42,452,6
1460,3627,3672,4495,23,353,9
1461,3629,3686,4312,9,337,8
1462,3632,3723,3851,38,114,1
1463,3635,3659,3949,18,403,6
1464,3638,3712,3862,15,99,7
1465,3642,3695,4260,39,292,7
1466,3644,3699,4141,25,326,7
1467,3648,3682,4598,10,475,9
1468,3651,3680,4044,39,491,9
1469,3652,3661,3753,43,34,1
1470,3653,3691,4447,47,483,4
1471,3657,3667,4311,1,220,5
1472,3660,3734,4582,13,259,9
1473,3662,3685,4194,21,222,6
1474,3666,3755,4430,17,447,3
1475,3670,3769,4512,49,355,2
1476,3671,3747,4212,39,270,9
1477,3674,3676,3857,20,115,2
1478,3677,3681,3768,27,31,9
1479,3679,3701,3748,36,14,2
1480,3680,3691,4575,21,316,1
1481,3682,3771,4419,38,484,3
1482,3683,3745,4336,41,242,9
1483,3685,3731,4514,2,488,4
1484,3687,3704,4676,14,31,8
1485,3689,3725,4544,41,391,9
1486,3692,3729,4202,33,427,6
1487,3694,3772,3871,36,59,6
1488,3696,3771,4255,11,226,3
1489,3698,3727,3717,38,192,9
1490,3702,3728,3783,21,274,4
1491,3705,3726,4638,29,26,2
1492,3709,3759,3773,35,298,6
1493,3713,3761,4006,36,373,9
1494,3715,3723,3855,37,361,5
1495,3718,3734,4484,31,43,9
1496,3720,3736,4207,43,475,4
1497,3724,3768,4653,34,394,9
1498,3725,3764,4513,15,352,7
1499,3727,3792,3842,43,285,5
1500,3731,3766,4159,22,340,3
1501,3734,3795,3854,9,214,2
1502,3737,3740,4622,45,183,8
1503,3740,3788,3825,13,194,4
1504,3742,3790,4330,9,86,9
1505,3743,3754,3806,4,375,1
1506,3747,3790,4734,2,24,4
1507,3749,3827,4039,32,488,6
1508,3750,3814,3910,21,83,3
1509,3753,3832,3784,5,448,4
1510,3755,3808,3874,32,169,1
1511,3757,3779,4105,17,489,5
1512,3759,3768,4098,40,23,8
1513,3763,3786,4174,24,85,6
1514,3767,3853,4694,14,226,6
1515,3769,3782,4123,5,435,1
1516,3773,3854,3860,34,109,6
1517,3775,3817,4435,34,73,6
1518,3777,3840,3834,14,16,5
1519,3778,3820,4086,20,225,4
1520,3779,3818,4655,1,439,6
1521,3782,3803,4364,43,422,2
1522,3784,3798,3862,33,409,1
1523,3787,3880,4743,30,343,9
1524,3791,3825,4300,29,259,2
1525,3795,3839,3873,4,371,8
1526,3796,3874,4407,45,110,3
1527,3799,3883,4063,15,36,1
1528,3802,3803,4582,31,264,4
1529,3806,3850,4238,28,234,5
1530,3807,3833,4599,24,429,2
1531,3810,3866,4796,44,282,8
1532,3812,3848,4630,27,49,9
1533,3813,3881,4228,7,459,5
1534,3817,3834,4795,5,187,8
1535,3820,3837,4059,24,24,3
1536,3821,3822,4587,10,451,1
1537,3824,3841,4357,39,200,4
1538,3827,3923,3854,31,202,5
1539,3829,3851,4297,2,318,6
1540,3833,3916,4178,39,235,5
1541,3835,3848,4667,2,127,5
1542,3837,3908,4241,13,89,8
1543,3838,3871,3930,9,345,8
1544,3842,3880,3947,15,62,8
1545,3843,3882,4713,8,392,6
1546,3847,3908,4649,13,187,5
1547,3849,3927,3898,26,237,1
1548,3850,3906,3885,38,418,6
1549,3852,3860,4091,40,284,5
1550,3853,3915,4016,9,464,7
1551,3854,3866,4828,6,149,1
1552,3858,3945,3958,41,40,2
1553,3861,3944,4284,8,33,9
1554,3865,3959,3869,2,331,7
1555,3868,3869,4268,36,148,3
1556,3870,3938,4250,31,55,1
1557,3872,3915,4626,37,252,7
1558,3873,3911,4411,49,423,7
1559,3875,3893,4870,6,338,6
1560,3879,3967,4299,22,250,3
1561,3882,3957,4028,27,350,8
1562,3885,3959,4472,19,75,2
1563,3889,3908,4015,21,392,4
1564,3890,3932,4074,34,7,1
1565,3894,3908,4744,13,187,9
1566,3895,3913,4522,6,40,4
1567,3899,3964,4214,27,42,2
1568,3901,3910,4404,46,52,5
1569,3904,3962,4760,41,489,3
1570,3905,3928,4547,46,58,6
1571,3907,3909,4528,14,393,5
1572,3910,3939,4686,10,199,7
1573,3911,3973,3993,1,63,8
1574,3913,3998,4865,29,45,9
1575,3916,3927,4072,27,242,7
1576,3920,3925,4289,11,455,7
1577,3921,3933,4332,25,141,6
1578,3925,3970,4198,27,364,5
1579,3927,3961,4476,3,18,4
1580,3930,3941,3985,19,350,1
1581,3931,3948,4792,1,341,8
1582,3932,3996,3954,32,326,9
1583,3935,3997,4201,14,6,3
1584,3936,3946,4229,33,143,1
1585,3938,3994,4128,32,36,7
1586,3939,4028,4604,45,495,2
1587,3943,3974,4546,41,175,7
1588,3944,3949,4760,19,233,9
1589,3948,3977,4748,2,73,1
1590,3951,3989,4389,36,492,1
1591,3955,4034,4395,41,411,8
1592,3956,3984,4259,16,259,8
1593,3958,4007,4071,8,412,1
1594,3960,3971,4605,19,221,9
1595,3963,4041,4195,22,274,6
1596,3967,4007,4008,23,432,9
1597,3971,3995,4303,37,69,6
1598,3973,4035,4674,29,467,5
1599,3975,4071,4611,2,442,1
1600,3978,4059,4932,15,63,9
1601,3979,4026,4328,9,60,7
1602,3981,4021,4006,15,392,3
1603,3983,4063,4167,27,358,9
1604,3985,4044,4474,35,84,4
1605,3989,3996,4585,35,86,7
1606,3991,4070,4189,1,498,1
1607,3994,4069,4198,39,464,4
1608,3998,4067,4070,32,157,7
1609,3999,4046,4300,15,355,7
1610,4001,4098,4405,46,460,6
1611,4002,4062,4416,17,381,9
1612,4003,4094,4951,46,39,6
1613,4006,4066,5004,18,469,3
1614,4007,4010,4264,5,332,1
1615,4010,4074,4944,36,220,5
1616,4014,4098,4840,40,125,9
1617,4017,4078,4049,32,132,4
1618,4018,4088,4573,25,275,6
1619,4019,4100,4699,47,234,9
1620,4021,4048,4689,12,327,8
1621,4025,4102,4097,21,187,1
1622,4027,4076,4300,17,86,4
1623,4029,4067,4954,19,55,7
1624,4032,4106,4955,42,491,5
1625,4034,4076,4680,11,234,4
1626,4038,4135,4301,24,316,7
1627,4041,4046,4865,7,156,2
1628,4042,4088,4775,48,30,6
1629,4046,4077,4496,29,231,6
1630,4049,4111,4372,33,223,2
1631,4051,4106,4752,4,220,4
1632,4054,4086,4843,45,116,6
1633,4056,4091,4490,3,285,2
1634,4057,4127,4951,19,479,8
1635,4061,4109,4501,49,431,4
1636,4062,4074,4860,21,416,2
1637,4065,4156,4893,16,449,4
1638,4069,4168,4994,49,119,7
1639,4072,4101,4537,24,36,7
1640,4075,4093,4944,44,455,6
1641,4079,4089,4937,23,279,3
1642,4080,4115,4428,43,497,6
1643,4083,4101,4260,24,175,2
1644,4084,4121,4347,8,402,9
1645,4085,4183,4193,31,425,4
1646,4087,4181,4327,12,256,7
1647,4091,4104,4423,12,90,1
1648,4095,4183,4437,37,52,6
1649,4099,4197,4917,12,101,5
1650,4103,4108,4899,28,419,5
1651,4107,4155,4254,36,227,8
1652,4109,4167,4849,7,291,7
1653,4111,4207,4457,15,225,8
1654,4113,4146,4580,8,302,4
1655,4114,4157,4149,27,403,2
1656,4115,4128,4470,22,287,1
1657,4117,4140,4978,17,134,1
1658,4121,4155,4525,26,425,1
1659,4122,4130,4293,25,259,3
1660,4124,4157,5039,45,122,8
1661,4128,4192,4554,44,282,7
1662,4132,4208,4994,38,258,8
1663,4135,4172,4985,48,106,1
1664,4138,4157,4294,22,271,8
1665,4142,4205,4439,14,153,1
1666,4143,4232,4328,3,325,4
1667,4147,4220,4723,25,304,9
1668,4151,4206,4923,36,408,2
1669,4153,4167,4519,5,278,9
1670,4157,4179,4329,40,376,5
1671,4159,4209,4710,46,464,6
1672,4163,4227,4707,18,161,1
1673,4165,4246,4234,43,11,9
1674,4168,4228,4929,8,456,1
1675,4172,4223,4912,23,344,8
1676,4176,4256,5092,39,142,1
1677,4178,4216,4365,10,138,1
1678,4181,4272,4464,5,493,2
1679,4183,4257,5072,4,159,3
1680,4184,4247,4276,16,390,6
1681,4187,4215,4910,41,411,5
1682,4189,4216,4418,30,91,8
1683,4191,4285,4932,30,387,3
1684,4194,4228,5048,43,121,1
1685,4197,4236,4783,9,106,2
1686,4201,4202,5102,30,473,3
1687,4202,4228,4846,11,162,5
1688,4205,4242,4434,46,383,7
1689,4207,4236,4922,31,145,5
1690,4210,4262,4333,11,282,7
1691,4214,4262,5000,46,192,4
1692,4215,4227,4768,49,169,5
1693,4216,4297,4986,44,140,7
1694,4219,4253,4280,4,329,2
1695,4221,4314,4433,37,390,3
1696,4222,4247,4977,4,279,1
1697,4223,4242,5158,1,173,8
1698,4225,4258,4621,36,446,9
1699,4228,4267,4677,48,451,9
1700,4229,4301,5228,10,55,7
1701,4232,4319,4980,48,216,9
1702,4234,4292,5035,46,327,4
1703,4235,4270,4281,46,404,2
1704,4237,4274,4546,39,287,6
1705,4239,4248,5213,37,325,2
1706,4240,4251,4870,9,104,9
1707,4242,4286,5167,37,333,2
1708,4244,4297,4331,37,440,8
1709,4248,4309,4455,38,157,3
1710,4249,4309,4303,15,348,8
1711,4250,4306,4748,38,186,5
1712,4251,4303,4935,4,350,6
1713,4255,4277,4812,8,257,4
1714,4256,4261,4425,14,447,5
1715,4257,4301,4757,37,308,8
1716,4260,4296,4763,3,111,6
1717,4264,4300,5127,20,417,1
1718,4268,4288,4504,27,153,5
1719,4271,4353,4723,14,99,5
1720,4274,4365,4496,17,450,1
1721,4277,4290,4340,2,469,9
1722,4280,4292,4990,49,260,3
1723,4282,4333,4376,17,342,6
1724,4285,4373,5262,20,91,9
1725,4288,4341,4765,21,420,1
1726,4292,4388,4692,35,103,4
1727,4296,4391,5186,37,346,6
1728,4298,4299,4618,38,313,9
1729,4302,4306,5031,45,360,3
1730,4304,4319,4399,43,106,1
1731,4307,4312,5124,20,446,2
1732,4308,4317,5114,37,215,2
1733,4309,4385,4607,15,45,6
1734,4311,4330,5124,47,315,8
1735,4312,4333,4366,1,142,4
1736,4315,4396,4875,31,81,2
1737,4316,4331,5192,44,373,5
1738,4318,4351,5175,28,92,9
1739,4321,4399,4328,35,297,8
1740,4323,4415,4734,37,267,7
1741,4325,4326,4886,46,257,4
1742,4327,4333,5141,24,240,7
1743,4330,4400,5262,25,13,7
1744,4334,4345,4813,34,302,7
1745,4335,4360,4514,3,195,5
1746,4338,4351,4434,13,71,8
1747,4339,4365,4738,31,439,4
1748,4342,4369,4682,17,491,4
1749,4345,4366,4664,7,270,1
1750,4348,4433,5136,43,253,8
1751,4352,4393,4793,39,391,7
1752,4355,4436,4790,41,130,9
1753,4359,4407,5263,28,42,9
1754,4360,4385,4575,45,16,7
1755,4362,4418,4799,9,188,9
1756,4366,4380,4788,29,249,8
1757,4369,4451,5225,4,121,8
1758,4373,4416,4717,4,489,9
1759,4374,4388,5211,32,392,7
1760,4375,4401,4555,34,495,3
1761,4378,4411,4819,16,93,9
1762,4380,4476,5264,39,237,3
1763,4381,4472,5231,4,395,4
1764,4383,4442,4756,11,434,1
1765,4386,4480,5303,38,499,2
1766,4389,4392,4528,12,58,9
1767,4393,4456,4998,34,454,6
1768,4395,4438,4592,19,115,9
1769,4398,4445,5392,18,211,7
1770,4400,4477,4541,4,324,9
1771,4404,4457,4434,33,76,9
1772,4408,4486,4813,39,499,6
1773,4412,4452,4981,23,166,6
1774,4413,4459,5104,41,104,9
1775,4414,4510,4913,4,136,2
1776,4417,4509,5339,36,49,9
1777,4421,4490,5066,5,56,9
1778,4424,4493,5212,14,213,3
1779,4427,4502,4952,38,160,2
1780,4431,4519,5104,15,223,7
1781,4433,4521,5421,26,132,9
1782,4435,4524,4837,15,79,1
1783,4439,4504,4680,23,254,6
1784,4440,4530,5289,24,426,7
1785,4441,4453,4864,13,204,2
1786,4443,4488,4452,24,147,8
1787,4447,4530,4906,22,297,4
1788,4450,4535,5192,14,447,3
1789,4454,4486,4952,3,449,9
1790,4457,4518,5327,23,382,7
1791,4461,4553,5230,8,361,6
1792,4463,4464,4912,24,415,9
1793,4466,4492,4657,25,458,2
1794,4467,4468,4766,33,182,6
1795,4471,4525,4958,19,132,7
1796,4475,4527,5412,9,192,5
1797,4476,4483,5345,41,465,2
1798,4480,4523,4593,6,231,1
1799,4483,4508,4949,15,179,3
1800,4485,4562,4921,39,423,2
1801,4486,4580,4760,49,238,4
1802,4489,4543,5470,38,185,3
1803,4492,4517,4682,19,13,4
1804,4495,4529,4677,24,251,6
1805,4499,4554,5045,16,414,4
1806,4501,4520,5185,31,4,2
1807,4504,4548,4717,22,432,7
1808,4507,4600,5396,48,176,8
1809,4508,4558,5105,43,321,1
1810,4510,4580,5223,27,28,8
1811,4511,4583,5235,2,293,3
1812,4515,4572,4772,13,402,7
1813,4519,4537,5389,22,273,7
1814,4520,4555,5188,18,277,7
1815,4521,4559,5215,24,488,2
1816,4523,4595,4653,30,97,5
1817,4525,4604,5082,35,404,2
1818,4526,4585,4904,26,422,4
1819,4529,4593,5268,7,437,7
1820,4530,4609,5138,37,31,4
1821,4533,4597,4674,20,329,7
1822,4535,4608,5504,46,174,8
1823,4537,4540,4939,29,402,7
1824,4539,4572,4695,19,63,1
1825,4541,4570,4622,7,417,7
1826,4544,4616,4890,38,318,4
1827,4547,4633,4982,12,396,4
1828,4551,4625,4652,37,450,8
1829,4553,4648,5366,28,231,1
1830,4555,4584,5031,26,75,6
1831,4558,4611,5203,21,99,9
1832,4559,4650,5334,28,56,5
1833,4563,4600,4693,15,1,2
1834,4567,4587,5049,20,76,2
1835,4570,4626,5549,9,168,2
1836,4573,4599,5564,27,376,2
1837,4574,4612,4794,21,347,2
1838,4578,4615,5093,34,206,8
1839,4580,4623,4801,8,213,5
1840,4584,4631,5109,3,21,4
1841,4587,4673,5474,45,264,7
1842,4588,4667,5075,4,49,6
1843,4591,4680,5476,28,324,1
1844,4594,4681,4747,35,423,4
1845,4596,4659,5459,31,67,2
1846,4599,4688,4971,27,436,6
1847,4603,4622,5296,9,177,7
1848,4605,4668,4868,7,346,5
1849,4609,4648,4885,2,373,6
1850,4613,4632,5513,4,498,9
1851,4614,4639,5509,3,192,2
1852,4615,4674,5121,41,40,9
1853,4617,4648,4771,47,236,8
1854,4621,4643,5479,37,49,4
1855,4624,4682,5338,17,228,9
1856,4628,4726,4672,21,126,6
1857,4632,4728,5396,23,148,4
1858,4635,4714,5188,17,359,5
1859,4638,4725,5237,48,372,1
1860,4640,4648,5589,19,1,9
1861,4644,4718,4744,42,74,5
1862,4648,4707,5109,34,255,3
1863,4650,4725,5251,13,15,2
1864,4654,4719,5617,35,28,6
1865,4658,4755,5644,45,460,6
1866,4659,4724,5229,1,114,6
1867,4661,4695,4663,1,43,3
1868,4662,4755,5494,19,382,2
1869,4663,4689,4785,2,57,4
1870,4664,4680,5559,26,384,5
1871,4666,4732,5117,18,489,7
1872,4667,4757,5527,20,51,1
1873,4671,4713,4997,3,441,6
1874,4672,4736,4994,39,234,7
1875,4675,4697,5611,42,476,7
1876,4678,4715,5088,33,474,1
1877,4681,4764,5575,24,126,6
1878,4684,4734,5572,39,7,2
1879,4686,4717,5312,47,325,8
1880,4690,4731,5264,27,7,2
1881,4693,4739,5658,28,223,2
1882,4694,4727,5566,40,287,9
1883,4697,4711,5272,36,123,8
1884,4700,4777,5040,1,64,3
1885,4704,4741,5544,10,497,6
1886,4705,4706,5640,29,342,1
1887,4706,4748,5689,17,375,1
1888,4707,4715,5136,13,365,3
1889,4708,4747,5313,37,482,9
1890,4712,4793,4765,46,123,9
1891,4713,4794,5337,14,141,7
1892,4715,4775,5574,18,17,3
1893,4718,4817,5401,34,375,1
1894,4719,4772,4843,4,361,1
1895,4720,4791,5716,5,226,5
1896,4724,4786,5435,39,387,6
1897,4726,4818,5080,29,413,7
1898,4730,4749,5136,8,190,8
1899,4731,4816,5457,17,69,1
1900,4733,4747,5425,43,297,3
1901,4735,4740,5320,18,130,1
1902,4738,4795,4950,7,442,7
1903,4741,4748,4861,22,299,8
1904,4744,4776,5350,29,257,6
1905,4746,4835,5597,37,419,5
1906,4749,4843,5386,36,322,7
1907,4752,4778,5684,29,51,8
1908,4756,4855,5429,13,424,4
1909,4759,4834,4765,32,460,7
1910,4762,4843,5656,9,78,9
1911,4766,4848,5137,11,159,5
1912,4768,4810,5654,40,127,1
1913,4772,4860,5657,8,292,4
1914,4774,4800,5376,4,415,5
1915,4775,4841,5558,39,55,9
1916,4779,4789,4958,4,157,2
1917,4781,4821,5316,49,155,8
1918,4783,4791,5356,32,152,8
1919,4786,4825,4993,15,224,6
1920,4787,4822,5608,43,75,7
1921,4789,4877,5334,23,443,4
1922,4792,4830,5573,14,419,7
1923,4793,4796,5184,43,103,9
1924,4795,4845,5386,44,238,3
1925,4796,4842,5101,42,36,4
1926,4799,4829,5079,16,45,5
1927,4803,4808,4815,7,467,1
1928,4806,4864,5587,17,129,2
1929,4809,4883,5329,43,160,7
1930,4811,4855,5616,15,260,6
1931,4815,4816,5332,18,485,3
1932,4818,4893,5777,5,374,5
1933,4819,4899,4859,43,145,8
1934,4822,4834,5127,26,425,9
1935,4826,4909,5480,16,109,4
1936,4829,4872,5495,16,108,4
1937,4830,4835,5494,49,275,4
1938,4834,4926,5380,48,191,1
1939,4835,4912,4844,32,489,6
1940,4839,4860,5243,1,20,8
1941,4840,4843,5742,30,181,1
1942,4843,4930,5690,8,157,4
1943,4845,4887,5787,29,238,9
1944,4849,4911,5161,41,75,6
1945,4851,4930,5166,44,418,7
1946,4854,4931,5782,44,73,4
1947,4856,4900,5656,29,37,5
1948,4857,4876,5060,24,63,1
1949,4858,4941,5223,38,463,4
1950,4861,4863,5575,14,353,6
1951,4862,4923,5831,42,373,2
1952,4864,4875,5079,23,383,8
1953,4868,4869,5860,15,488,9
1954,4870,4967,5553,8,230,1
1955,4873,4953,5820,33,341,1
1956,4874,4915,5560,1,191,4
1957,4876,4963,5564,31,140,1
1958,4880,4968,5232,32,185,9
1959,4881,4950,5110,35,334,8
1960,4884,4885,5568,47,401,2
1961,4887,4922,5544,1,77,4
1962,4889,4981,5879,45,100,3
1963,4891,4927,5381,34,250,6
1964,4893,4906,5091,23,268,2
1965,4894,4958,5071,32,426,4
1966,4898,4913,5542,26,291,2
1967,4900,4917,5344,43,157,3
1968,4903,4952,5073,32,158,8
1969,4904,4983,5317,42,428,5
1970,4907,4934,5223,38,362,6
1971,4910,4921,5296,27,34,3
1972,4912,5004,5113,17,126,5
1973,4913,4940,5755,6,368,8
1974,4915,4935,5730,19,220,7
1975,4918,4949,5260,32,433,8
1976,4921,4984,5791,49,93,5
1977,4923,4937,5591,8,364,5
1978,4927,5003,5873,38,334,9
1979,4929,4976,5447,21,430,9
1980,4932,5002,5272,40,100,3
1981,4936,4995,5445,1,370,2
1982,4937,4974,5544,29,450,4
1983,4939,4975,5586,13,293,3
1984,4941,4953,5058,28,429,6
1985,4943,4982,5161,5,126,5
1986,4944,5011,5023,34,327,1
1987,4947,4992,5747,36,458,1
1988,4949,4981,5141,30,6,8
1989,4950,5021,5165,31,397,3
1990,4952,4983,5821,24,254,9
1991,4953,4960,5095,20,221,2
1992,4954,5029,5347,23,297,4
1993,4957,5017,5690,15,326,6
1994,4960,5043,5510,39,208,3
1995,4961,4975,5929,42,464,3
1996,4962,4973,5824,49,442,5
1997,4964,4987,5331,38,227,3
1998,4966,5053,4990,23,264,4
1999,4969,4973,5183,36,97,9
